1557456089.572618041      -10.1514 -49.4385      0      0
1557456089.593654355      -7.20703 -49.4385      0      0
1557456089.612642213      -3.64746 -49.2627      0      0
1557456089.632721250      -0.307617 -48.6035      0      0
1557456089.650632763      0.483398 -47.417      0      0
1557456089.669713365      -0.131836 -45.7031      0      0
1557456089.688612318      -0.0439453 -44.209      0      0
1557456089.708742013      0.0878906 -42.8467      0      0
1557456089.728721917      -0.219727 -41.5723      0      0
1557456089.748959570      -0.0439453 -40.0342      0      0
1557456089.767746916      0.0439453 -38.4082      0      0
1557456089.787749966      -0.0878906 -36.8701      0      0
1557456089.807662834           0 -35.4199     40     20
1557456089.827690075      1.09863 -33.2227     40     20
1557456089.847715107      3.60352 -29.5312     40     20
1557456089.867745140      6.5918 -25.708     40     20
1557456089.887727553      9.84375 -21.5332     40     20
1557456089.907761025      13.3154 -17.666     40     20
1557456089.927659609      16.7871 -13.8428     40     20
1557456089.947679062      20.1709 -10.1514     40     20
1557456089.966789165      23.3789 -6.5918     40     20
1557456089.986715923      26.3232 -3.16406     40     20
1557456090.005741792      29.5312 0.351562     40     20
1557456090.025655243      32.915 3.73535     40     20
1557456090.045624055      36.2988 7.33887     40     20
1557456090.065734408      39.5508 10.7227     40     20
1557456090.085668977      40.4736 14.4141     40     20
1557456090.105731992      40.166 18.1055     40     20
1557456090.125664489      39.9023 20.3906     40     20
1557456090.145839238      39.7266 19.7754     40     20
1557456090.165892308      39.9463 19.9951     40     20
1557456090.184885179      39.9902 19.9951     40     20
1557456090.203894905      39.8584 19.9512     40     20
1557456090.222874044      39.9023 19.9951     40     20
1557456090.242800610      39.9463 19.9512     40     20
1557456090.262834108      39.9023 19.9512     40     20
1557456090.282901888      39.9023 19.9951     40     20
1557456090.301917993      39.9023 19.9512     40     20
1557456090.321918629      39.9463 19.9951     40     20
1557456090.340894469      39.9023 19.9512     40     20
1557456090.360833986      39.9023 19.9951     40     20
1557456090.380949975      39.9023 19.9951     40     20
1557456090.399867876      39.9023 19.9512     40     20
1557456090.418891323      39.9023 19.9951     40     20
1557456090.438928294      39.9463 19.9951     40     20
1557456090.458950050      39.9023 19.9951     40     20
1557456090.478803684      39.9463 19.9512     40     20
1557456090.498872545      39.9023 19.9951     40     20
1557456090.518888339      39.9023 19.9951     40     20
1557456090.539226158      39.9463 19.9951     40     20
1557456090.558873646      39.9023 19.9951     40     20
1557456090.577822671      39.9023 19.9951     40     20
1557456090.596842504      39.9023 19.9512     40     20
1557456090.615871663      39.9463 19.9951     40     20
1557456090.634896063      39.9463 19.9951     40     20
1557456090.654907901      39.9463 19.9951     40     20
1557456090.674891048      39.9023 19.9951     40     20
1557456090.694900696      39.9463 19.9512     40     20
1557456090.714827236      39.9023 19.9512     40     20
1557456090.734859326      39.9023 19.9951     40     20
1557456090.754967223      39.9023 19.9512     40     20
1557456090.774878631      39.9023 19.9951     40     20
1557456090.794943188      39.9023 19.9951     40     20
1557456090.814970598      39.9023 19.9951     40     20
1557456090.835050013      39.9463 19.9951     40     20
1557456090.854857944      39.9023 19.9951     40     20
1557456090.874871893      39.9023 19.9951     40     20
1557456090.894886444      39.9463 19.9951     40     20
1557456090.914890998      39.9463 19.9951     40     20
1557456090.934796288      39.9023 19.9951     40     20
1557456090.953845141      39.9023 19.9951     40     20
1557456090.973871474      39.9023 19.9951     40     20
1557456090.992879906      39.9463 19.9951     40     20
1557456091.013919949      39.9463 19.9951     40     20
1557456091.033305836      39.9463 19.9951     40     20
1557456091.052840868      39.9023 19.9512     40     20
1557456091.073868258      39.9023 19.9512     40     20
1557456091.092891259      39.9463 19.9951     40     20
1557456091.113930418      39.9023 19.9512     40     20
1557456091.132932060      39.9023 19.9951     40     20
1557456091.153882879      39.9463 19.9951     40     20
1557456091.173898484      39.9023 19.9512     40     20
1557456091.193917220      39.9463 19.9512     40     20
1557456091.212857573      39.9023 19.9512     40     20
1557456091.232909904      39.9023 19.9951     40     20
1557456091.252894687      39.9023 19.9951     40     20
1557456091.272904553      39.9023 19.9951     40     20
1557456091.292894505      39.9463 19.9951     40     20
1557456091.312854981      39.9023 19.9951     40     20
1557456091.332920146      39.9463 19.9951     40     20
1557456091.352894335      39.9463 19.9951     40     20
1557456091.371900218      39.9023 19.9951     40     20
1557456091.391851966      39.9463 19.9951     40     20
1557456091.411831130      39.9463 19.9951     40     20
1557456091.431960199      39.9463 19.9951     40     20
1557456091.451891830      39.9463 19.9951     40     20
1557456091.471931221      39.9023 19.9951     40     20
1557456091.491906221      39.9023 19.9951     40     20
1557456091.511817433      39.9463 19.9951     40     20
1557456091.531821643      39.9463 19.9512     40     20
1557456091.552880471      39.9023 19.9512     40     20
1557456091.572984555      39.9463 19.9512     40     20
1557456091.591896756      39.9463 19.9951     40     20
1557456091.611815296      39.9023 19.9951     40     20
1557456091.631859904      39.9023 19.9951     40     20
1557456091.651840673      39.9023 19.9512     40     20
1557456091.671885646      39.9023 19.9512     40     20
1557456091.691885859      39.9463 19.9951     40     20
1557456091.711782528      39.9023 19.9512     40     20
1557456091.731807223      39.9023 19.9951     40     20
1557456091.751815997      39.9023 19.9512     40     20
1557456091.771885447      39.9463 19.9512     40     20
1557456091.791902247      39.9023 19.9951     40     20
1557456091.811909440      39.9463 19.9951     40     20
1557456091.831810784      39.9023 19.9951     40     20
1557456091.851836567      39.9023 19.9512     40     20
1557456091.871905174      39.9023 19.9951     40     20
1557456091.891905742      39.9023 19.9512     40     20
1557456091.911884049      39.9023 19.9951     40     20
1557456091.931874174      39.9023 19.9512     40     20
1557456091.951831315      39.9463 19.9951     40     20
1557456091.971823067      39.9023 19.9512     40     20
1557456091.991868910      39.9463 19.9951     40     20
1557456092.012937249      39.9463 19.9512     40     20
1557456092.032965903      39.9463 19.9512     40     20
1557456092.051808469      39.9023 19.9512     40     20
1557456092.071803131      39.9463 19.9951     40     20
1557456092.091848494      39.9463 19.9951     40     20
1557456092.111909091      39.9023 19.9951     40     20
1557456092.131836774      39.9023 19.9951     40     20
1557456092.152901308      39.9023 19.9951     40     20
1557456092.172823990      39.9463 19.9512     40     20
1557456092.193893450      39.9023 19.9951     40     20
1557456092.213894267      39.9463 19.9512     40     20
1557456092.232965430      39.9023 19.9951     40     20
1557456092.253964010      39.9463 19.9951     40     20
1557456092.274725134      39.9023 19.9512     40     20
1557456092.295727019      39.9023 19.9951     40     20
1557456092.315731192      39.9023 19.9951     40     20
1557456092.335747957      39.9023 19.9951     40     20
1557456092.356800486      39.9463 19.9512     40     20
