1557479409.138257876           0 -18.501      0      0
1557479409.158441079      -0.0439453 -18.501      0      0
1557479409.178309618      0.0439453 -18.501      0      0
1557479409.198302657      -0.0439453 -17.2705      0      0
1557479409.218297832           0 -16.04      0      0
1557479409.238297039           0 -14.7217      0      0
1557479409.258219016      -0.0439453 -13.5352      0      0
1557479409.278206564      0.0439453 -12.2607      0      0
1557479409.298236874      -0.0439453 -10.9863      0      0
1557479409.318374528           0 -9.71191      0      0
1557479409.338263161           0 -8.52539      0      0
1557479409.358265328      -0.0439453 -7.33887      0      0
1557479409.378210696      0.0439453 -6.06445      0      0
1557479409.398217897      -0.0439453 -4.79004      0      0
1557479409.418457479           0 -3.55957      0      0
1557479409.438268826      0.0439453 -2.50488      0      0
1557479409.458262092      -0.0439453 -1.49414      0      0
1557479409.478220963           0 -0.527344      0    -20
1557479409.498215514           0 -0.791016      0    -20
1557479409.518258551      -0.0439453 -1.3623      0    -20
1557479409.538297262           0 -2.06543      0    -20
1557479409.558282001      -0.0439453 -2.94434      0    -20
1557479409.578354803           0 -3.91113      0    -20
1557479409.598458697      0.0439453 -5.00977      0    -20
1557479409.618222166      -0.0439453 -6.19629      0    -20
1557479409.638257012      0.0439453 -7.33887      0    -20
1557479409.658264964           0 -8.39355      0    -20
1557479409.678302389           0 -9.49219      0    -20
1557479409.698475071           0 -10.6348      0    -20
1557479409.718495986      -0.0439453 -11.8213      0    -20
1557479409.738257591           0 -12.9639      0    -20
1557479409.758282628      -0.0439453 -14.0625      0    -20
1557479409.778315135           0 -15.0732      0    -20
1557479409.798281918      0.0439453 -16.084      0    -20
1557479409.818210333      -0.0439453 -16.9189      0    -20
1557479409.838222627           0 -17.7539      0    -20
1557479409.858261075           0 -18.4131      0    -20
1557479409.878236336           0 -19.1162      0    -20
1557479409.899425010           0 -19.6875      0    -20
1557479409.919284654           0 -20.2148      0    -20
1557479409.939221768      0.0439453 -20.6543      0    -20
1557479409.959224191      -0.0439453 -21.0498      0    -20
1557479409.979485230           0 -21.3135      0    -20
1557479410.000240503           0 -21.5771      0    -20
1557479410.021253417      -0.0439453 -21.709      0    -20
1557479410.043231786      0.0439453 -21.7969      0    -20
1557479410.063217115      -0.0439453 -21.8408      0    -20
1557479410.083261569           0 -21.8408      0    -20
1557479410.105255082           0 -21.7969      0    -20
1557479410.125262621      -0.0439453 -21.7529      0    -20
1557479410.147629947      0.0439453 -21.7529      0    -20
1557479410.168215833      -0.0439453 -21.665      0    -20
1557479410.189219489      0.0439453 -21.5771      0    -20
1557479410.210275017           0 -21.4893      0    -20
1557479410.231301355           0 -21.4014      0    -20
1557479410.252362271      0.0439453 -21.2695      0    -20
1557479410.273589224      -0.0439453 -21.1377      0    -20
1557479410.294228889      0.0439453 -21.0059      0    -20
1557479410.315263339      -0.0439453 -20.8301      0    -20
1557479410.336364352           0 -20.6543      0    -20
1557479410.356281256           0 -20.5225      0    -20
1557479410.377221828      -0.0439453 -20.3027      0    -20
1557479410.399207807      0.0439453 -20.127      0    -20
1557479410.422219100      -0.0439453 -19.9512      0    -20
1557479410.444306324      0.0439453 -19.7754      0    -20
1557479410.466300625      -0.0439453 -19.5557      0    -20
1557479410.488222088      0.0439453 -19.4238      0    -20
1557479410.511233976           0 -19.248      0    -20
1557479410.532255938           0 -19.1602      0    -20
1557479410.554286146           0 -18.9844      0    -20
1557479410.574410906      -0.0439453 -18.8965      0    -20
1557479410.594226354      0.0439453 -18.8086      0    -20
1557479410.614236893      -0.0439453 -18.7207      0    -20
1557479410.634286406           0 -18.6768      0    -20
1557479410.654284982           0 -18.5889      0    -20
1557479410.674287799      -0.0439453 -18.5449      0    -20
1557479410.694222151      0.0439453 -18.501      0    -20
1557479410.714229099      -0.0439453 -18.4131      0    -20
1557479410.734484271           0 -18.4131      0    -20
1557479410.754352071           0 -18.4131      0    -20
1557479410.774305964           0 -18.4131      0    -20
1557479410.794315732      0.0439453 -18.4131      0    -20
1557479410.814227273      -0.0439453 -18.4131      0    -20
1557479410.834528807           0 -18.3691      0    -20
1557479410.854258768           0 -18.4131      0    -20
1557479410.874292818      -0.0439453 -18.4131      0    -20
1557479410.894270921      0.0439453 -18.3691      0    -20
1557479410.914244549      -0.0439453 -18.4131      0    -20
1557479410.934233629           0 -18.4131      0    -20
1557479410.954320687           0 -18.4131      0    -20
1557479410.974296025      -0.0439453 -18.4131      0    -20
1557479410.994415231      0.0439453 -18.3691      0    -20
1557479411.014383889      -0.0439453 -18.4131      0    -20
1557479411.034230509           0 -18.4131      0    -20
1557479411.054207317           0 -18.4131      0    -20
1557479411.074264819           0 -18.4131      0    -20
1557479411.094482198      0.0439453 -18.4131      0    -20
1557479411.114367745      -0.0439453 -18.4131      0    -20
1557479411.134221976           0 -18.4131      0    -20
1557479411.154221975           0 -18.4131      0    -20
1557479411.174311641           0 -18.4131      0    -20
1557479411.194404237      0.0439453 -18.4131      0    -20
1557479411.214503960      -0.0439453 -18.3691      0    -20
1557479411.234258635      0.0439453 -18.4131      0    -20
1557479411.254227499      -0.0439453 -18.3691      0    -20
1557479411.274233361      -0.0439453 -18.4131      0    -20
1557479411.294500709           0 -18.4131      0    -20
1557479411.314265813      -0.0439453 -18.4131      0    -20
1557479411.334342567      0.0439453 -18.4131      0    -20
1557479411.354229600           0 -18.4131      0    -20
1557479411.374224796      0.0439453 -18.4131      0    -20
1557479411.394262654           0 -18.4131      0    -20
1557479411.414294848           0 -18.4131      0    -20
1557479411.434330421      0.0439453 -18.4131      0    -20
1557479411.454296725      -0.0439453 -18.4131      0    -20
1557479411.475216973      0.0439453 -18.4131      0    -20
1557479411.496218333      -0.0439453 -18.4131      0    -20
1557479411.516262923           0 -18.4131      0    -20
1557479411.536375551           0 -18.4131      0    -20
1557479411.556282595      -0.0439453 -18.4131      0    -20
1557479411.576179299      0.0439453 -18.4131      0    -20
1557479411.597223239      -0.0439453 -18.4131      0    -20
1557479411.617269452           0 -18.4131      0    -20
1557479411.638290828           0 -18.4131      0    -20
1557479411.660324954      -0.0439453 -18.4131      0    -20
1557479411.681176425      0.0439453 -18.4131      0    -20
1557479411.702225284      -0.0439453 -18.4131      0    -20
1557479411.723519959           0 -18.4131      0    -20
1557479411.744247026           0 -18.4131      0    -20
1557479411.766322025      -0.0439453 -18.4131      0    -20
1557479411.786527205      0.0439453 -18.4131      0    -20
1557479411.808218312      -0.0439453 -18.4131      0    -20
1557479411.829225354      0.0439453 -18.4131      0    -20
1557479411.850212473      -0.0439453 -18.4131      0    -20
1557479411.870191641           0 -18.4131      0    -20
1557479411.891162916           0 -18.4131      0    -20
1557479411.912155235      -0.0439453 -18.4131      0    -20
1557479411.933141860      0.0439453 -18.4131      0    -20
1557479411.954143550      -0.0439453 -18.4131      0    -20
1557479411.974182457           0 -18.4131      0    -20
1557479411.995172062           0 -18.4131      0    -20
1557479412.015156901      -0.0439453 -18.4131      0    -20
1557479412.035142825      0.0439453 -18.4131      0    -20
1557479412.056174655      -0.0439453 -18.4131      0    -20
1557479412.076178239      -0.0439453 -18.4131      0    -20
