1557479155.019791602      -0.0439453 14.8101      0      0
1557479155.039814684           0 14.9339      0      0
1557479155.059776787           0 14.3792      0      0
1557479155.079767745      -0.0878906 14.0626      0      0
1557479155.099816169           0 14.8891      0      0
1557479155.119779400           0 15.2842      0      0
1557479155.140226517      -0.0439453 15.2845      0      0
1557479155.159732599      0.0439453 15.2151      0      0
1557479155.179757785      -0.0439453 14.7731      0      0
1557479155.199764833           0 14.5117      0      0
1557479155.219773203      0.0439453 13.8861      0      0
1557479155.240009505      -0.0439453 13.3019      0      0
1557479155.259745854           0 12.6706      0      0
1557479155.279724142           0 11.7401      0     15
1557479155.299888498           0 10.8064      0     15
1557479155.320112946      0.0439453 10.5603      0     15
1557479155.340998152      -0.0439453 6.83807      0     15
1557479155.360793010           0 5.58457      0     15
1557479155.380741628           0 4.57065      0     15
1557479155.401958555      -0.0439453 3.88946      0     15
1557479155.422773450           0 3.50718      0     15
1557479155.442776292           0 3.10374      0     15
1557479155.464832896           0 3.01103      0     15
1557479155.485744955      0.0439453 2.79949      0     15
1557479155.506771250      -0.0439453 3.00365      0     15
1557479155.527752539      0.0439453 3.51661      0     15
1557479155.548786838           0 3.97165      0     15
1557479155.570108788      -0.0439453 4.75152      0     15
1557479155.590814051      0.0439453 5.37063      0     15
1557479155.611743010      -0.0439453 6.04293      0     15
1557479155.633137568           0 6.96018      0     15
1557479155.652765526           0 7.72415      0     15
1557479155.674788065      -0.0439453 8.83525      0     15
1557479155.701836781      0.0439453 9.82784      0     15
1557479155.719117271      -0.0439453 10.6894      0     15
1557479155.742135135      0.0439453 11.6176      0     15
1557479155.763164223           0 12.2683      0     15
1557479155.784185600           0 13.0699      0     15
1557479155.805515167      0.0439453 13.7046      0     15
1557479155.826113060      -0.0439453 14.2441      0     15
1557479155.847117069           0 14.8291      0     15
1557479155.868520642           0 15.0299      0     15
1557479155.888173178      -0.0439453 15.4482      0     15
1557479155.908180111      0.0439453 15.5798      0     15
1557479155.928115392      -0.0439453 15.7623      0     15
1557479155.948115642           0 16.0362      0     15
1557479155.968344204           0 16.0425      0     15
1557479155.988219806      -0.0439453 16.1581      0     15
1557479156.008132899           0 16.2968      0     15
1557479156.029292668           0 16.1562      0     15
1557479156.049138041      -0.0439453 16.288      0     15
1557479156.069123571      0.0439453 16.1854      0     15
1557479156.089160701      -0.0439453 16.0969      0     15
1557479156.109217302           0 16.2042      0     15
1557479156.129183342           0 16.0893      0     15
1557479156.149132192           0 16.0311      0     15
1557479156.169121298           0 16.0882      0     15
1557479156.188139123           0 15.9442      0     15
1557479156.209162467           0 16.0652      0     15
1557479156.228633392      0.0439453 15.9382      0     15
1557479156.248146991      -0.0439453 15.7847      0     15
1557479156.268102651           0 15.9034      0     15
1557479156.288103475      0.0439453 15.7851      0     15
1557479156.308136093      -0.0439453 15.7606      0     15
1557479156.328145949           0 15.8506      0     15
1557479156.349296004           0 15.7122      0     15
1557479156.368196708      -0.0439453 15.737      0     15
1557479156.388106252           0 15.6681      0     15
1557479156.408099870           0 15.4228      0     15
1557479156.429170033           0 15.5433      0     15
1557479156.448138972      0.0439453 15.4401      0     15
1557479156.470196014      -0.0439453 15.3772      0     15
1557479156.490606334           0 15.4179      0     15
1557479156.511135143           0 15.2189      0     15
1557479156.532119428      -0.0439453 15.2203      0     15
1557479156.553158548      0.0439453 15.1318      0     15
1557479156.574165009      -0.0439453 15.0856      0     15
1557479156.595291131      -0.0439453 15.2696      0     15
1557479156.616107444           0 15.1233      0     15
1557479156.637121711      -0.0439453 15.1245      0     15
1557479156.658124672      0.0439453 15.0815      0     15
1557479156.679322372           0 14.9689      0     15
1557479156.700157049           0 15.1134      0     15
1557479156.721275212           0 14.9454      0     15
1557479156.742114935      -0.0439453 15.005      0     15
1557479156.764180594           0 15.0603      0     15
1557479156.786148906           0 14.9261      0     15
1557479156.809466015           0 15.0158      0     15
1557479156.830123241           0 14.8336      0     15
1557479156.852244167           0 15.0178      0     15
1557479156.874152936      0.0439453 14.9299      0     15
1557479156.894143688      -0.0439453 14.8919      0     15
1557479156.914265272           0 14.9998      0     15
1557479156.934125403           0 14.7929      0     15
1557479156.954100475      -0.0439453 14.8728      0     15
1557479156.975172376           0 14.9748      0     15
1557479156.995181648           0 14.8495      0     15
1557479157.015192013           0 15.003      0     15
1557479157.035121271      0.0439453 14.8515      0     15
1557479157.055117547      -0.0439453 14.8121      0     15
1557479157.075146594           0 14.8862      0     15
1557479157.095172729           0 14.7611      0     15
1557479157.115190385      -0.0439453 14.8539      0     15
1557479157.135179887      0.0439453 14.8561      0     15
1557479157.155117424           0 14.7306      0     15
1557479157.175139576      -0.0439453 14.9066      0     15
1557479157.195147229      0.0439453 14.8437      0     15
1557479157.215340471      -0.0439453 14.7838      0     15
1557479157.235178257           0 14.9054      0     15
1557479157.255123426           0 14.7536      0     15
1557479157.275291849      -0.0439453 14.7465      0     15
1557479157.295154801           0 14.8285      0     15
1557479157.315155107           0 14.7583      0     15
1557479157.335168378      -0.0439453 14.8832      0     15
1557479157.355160201      0.0439453  14.83      0     15
1557479157.375283727      -0.0439453 14.6953      0     15
1557479157.395117566           0 14.8847      0     15
1557479157.415131241      0.0439453 14.757      0     15
1557479157.435214532      -0.0439453 14.8127      0     15
1557479157.455179461           0 14.8921      0     15
1557479157.475108490           0 14.7399      0     15
1557479157.495112321      -0.0439453 14.8473      0     15
1557479157.515123242      0.0439453 14.8622      0     15
1557479157.535180412           0 14.7386      0     15
1557479157.555205034      -0.0439453 15.0008      0     15
1557479157.575497309      0.0439453 14.9189      0     15
1557479157.595120013      -0.0439453 14.7945      0     15
1557479157.615121276           0 14.971      0     15
1557479157.635065475      0.0439453 14.8526      0     15
1557479157.655053021      -0.0439453 14.7546      0     15
1557479157.675089632           0 14.9389      0     15
1557479157.695041354           0 14.7484      0     15
1557479157.715054980      -0.0439453 14.8088      0     15
