1557456654.918502367      32.6074 -49.1309      0      0
1557456654.937550334      29.8828 -48.2959      0      0
1557456654.956486621      26.8066 -46.9775      0      0
1557456654.975512333      23.6426 -45.4395      0      0
1557456654.994535199      20.2148 -44.0332      0      0
1557456655.013524105      16.7871 -42.6709      0      0
1557456655.033504419      13.3154 -41.2646      0      0
1557456655.053443287      10.0195 -39.6826      0      0
1557456655.073441812      6.72363 -38.1445      0      0
1557456655.094528230      3.33984 -36.6504      0      0
1557456655.114523782           0 -35.2002      0      0
1557456655.134619639      -0.439453 -33.6621      0      0
1557456655.153666909      -0.175781 -32.2998      0      0
1557456655.173534744      0.0439453 -30.8936      0      0
1557456655.193669160      0.0439453 -29.3555      0      0
1557456655.214561228      -0.0439453 -27.8613      0      0
1557456655.233512325           0 -26.499      0      0
1557456655.253453928           0 -25.0049      0      0
1557456655.273591862      0.0439453 -23.3789      0      0
1557456655.293833400      -0.0439453 -21.8408      0      0
1557456655.313497821           0 -20.5225      0      0
1557456655.332540881           0 -19.0723      0      0
1557456655.351580269      -0.0439453 -17.6221      0      0
1557456655.371475836      0.0439453 -16.084      0      0
1557456655.390445238           0 -14.6777      0      0
1557456655.410049207           0 -13.2715      0      0
1557456655.428537656           0 -11.9531      0      0
1557456655.447529279           0 -10.6348      0      0
1557456655.466571173      0.0439453 -9.31641      0      0
1557456655.485422626           0 -7.99805      0      0
1557456655.504639069      0.0439453 -6.72363      0      0
1557456655.523512955           0 -5.53711      0      0
1557456655.542756900           0 -4.39453      0      0
1557456655.561531771           0 -3.33984      0      0
1557456655.580526448      -0.0439453 -2.37305      0      0
1557456655.599448706           0 -1.53809      0      0
1557456655.618471737           0 -0.878906      0      0
1557456655.637504501      -0.0439453 -0.263672      0      0
1557456655.656535670           0 0.175781      0      0
1557456655.675908503           0 0.615234      0      0
1557456655.694506314           0 0.966797      0      0
1557456655.713424076           0 1.27441      0      0
1557456655.732471230           0 1.4502      0      0
1557456655.751516782      0.0439453 1.62598      0      0
1557456655.771535790           0 1.75781      0      0
1557456655.790645945           0 1.80176      0      0
1557456655.809466829           0 1.8457      0      0
1557456655.828454245           0 1.8457      0      0
1557456655.848483133           0 1.8457      0      0
1557456655.867494803           0 1.8457      0      0
1557456655.886510596      -0.0439453 1.80176      0      0
1557456655.905530960           0 1.80176      0      0
1557456655.924531673           0 1.75781      0      0
1557456655.943421974           0 1.75781      0      0
1557456655.962465554           0 1.71387      0      0
1557456655.981479556      -0.0439453 1.66992      0      0
1557456656.000499176      0.0439453 1.62598      0      0
1557456656.019525015           0 1.62598      0      0
1557456656.038510010           0 1.58203      0      0
1557456656.057534989           0 1.53809      0      0
1557456656.076439961           0 1.49414      0      0
1557456656.095469068           0 1.4502      0      0
1557456656.114513535           0 1.40625      0      0
1557456656.133509499           0 1.40625      0      0
1557456656.152510520           0 1.3623      0      0
1557456656.172428241           0 1.31836      0      0
1557456656.191467444      0.0439453 1.27441      0      0
1557456656.210503180           0 1.23047      0      0
1557456656.230542854           0 1.18652      0      0
1557456656.249598698           0 1.14258      0      0
1557456656.269489452           0 1.14258      0      0
1557456656.289461539      0.0439453 1.09863      0      0
1557456656.309508302           0 1.05469      0      0
1557456656.329573897           0 0.966797      0      0
1557456656.350552416           0 0.922852      0      0
1557456656.369476645           0 0.878906      0      0
1557456656.389539899           0 0.878906      0      0
1557456656.409483857           0 0.834961      0      0
1557456656.429503767      0.0439453 0.791016      0      0
1557456656.449510552           0 0.74707      0      0
1557456656.470913217      0.0439453 0.74707      0      0
1557456656.490529364           0 0.703125      0      0
1557456656.510426160           0 0.65918      0      0
1557456656.530576362           0 0.615234      0      0
1557456656.550606312           0 0.615234      0      0
1557456656.570574497      0.0439453 0.571289      0      0
1557456656.590472486      -0.0439453 0.571289      0      0
1557456656.610498585           0 0.527344      0      0
1557456656.630475884           0 0.483398      0      0
1557456656.650472956      -0.0439453 0.483398      0      0
1557456656.670779852           0 0.439453      0      0
1557456656.690516283           0 0.395508      0      0
1557456656.710475982           0 0.439453      0      0
1557456656.730459533      -0.0439453 0.395508      0      0
1557456656.751508593           0 0.351562      0      0
1557456656.771655005           0 0.351562      0      0
1557456656.792527753           0 0.307617      0      0
1557456656.812458345           0 0.307617      0      0
1557456656.832745009      -0.0439453 0.307617      0      0
1557456656.852459365           0 0.263672      0      0
1557456656.872483603           0 0.263672      0      0
1557456656.892523255      0.0439453 0.219727      0      0
1557456656.911648184           0 0.219727      0      0
1557456656.930516684           0 0.219727      0      0
1557456656.949425331           0 0.219727      0      0
1557456656.968443391           0 0.175781      0      0
1557456656.987484325           0 0.175781      0      0
1557456657.006498024           0 0.175781      0      0
1557456657.026625401           0 0.175781      0      0
1557456657.045616950           0 0.175781      0      0
1557456657.064509219      -0.0439453 0.175781      0      0
1557456657.083823175           0 0.175781      0      0
1557456657.102486953           0 0.175781      0      0
1557456657.122565361      0.0439453 0.175781      0      0
1557456657.141526936      -0.0439453 0.175781      0      0
1557456657.160496033           0 0.175781      0      0
1557456657.180632702      -0.0439453 0.175781      0      0
1557456657.199487372           0 0.175781      0      0
1557456657.218555928           0 0.175781      0      0
1557456657.237609513           0 0.175781      0      0
1557456657.256560665           0 0.175781      0      0
1557456657.275500168           0 0.175781      0      0
1557456657.294431697           0 0.175781      0      0
1557456657.313476314           0 0.175781      0      0
1557456657.332643753           0 0.175781      0      0
1557456657.351643528      0.0439453 0.175781      0      0
1557456657.371551332           0 0.175781      0      0
1557456657.390556625      0.0439453 0.131836      0      0
1557456657.409437403           0 0.175781      0      0
1557456657.428444005           0 0.131836      0      0
1557456657.447515813           0 0.131836      0      0
1557456657.466608986           0 0.131836      0      0
1557456657.485516698           0 0.131836      0      0
1557456657.504509172           0 0.131836      0      0
1557456657.523439978           0 0.131836      0      0
1557456657.542553280           0 0.0878906      0      0
1557456657.561711541      0.0439453 0.131836      0      0
1557456657.580478118           0 0.0878906      0      0
1557456657.598447722           0 0.0878906      0      0
1557456657.618533647           0 0.0878906      0      0
1557456657.636406011           0 0.0878906      0      0
1557456657.655448937           0 0.0878906      0      0
1557456657.675630585           0 0.131836      0      0
1557456657.694468167           0 0.131836      0      0
1557456657.713511697      -0.0439453 0.131836      0      0
1557456657.733599784      0.0439453 0.0878906      0      0
1557456657.752473253           0 0.0878906      0      0
1557456657.772568371           0 0.0878906      0      0
1557456657.791509420           0 0.0878906      0      0
1557456657.812518799      -0.0439453 0.0878906      0      0
1557456657.832529367      0.0439453 0.0878906      0      0
1557456657.851528980           0 0.0878906      0      0
1557456657.869433976           0 0.0878906      0      0
1557456657.888460327           0 0.0878906      0      0
1557456657.908502713           0 0.131836      0      0
1557456657.927520164      0.0439453 0.0878906      0      0
1557456657.945595078           0 0.0878906      0      0
1557456657.965548031           0 0.0878906      0      0
1557456657.984465843           0 0.0878906      0      0
1557456658.004466915           0 0.0878906      0      0
1557456658.023778884           0 0.0878906      0      0
1557456658.043468142           0 0.0878906      0      0
1557456658.063493476           0 0.0878906      0      0
1557456658.081551106           0 0.0878906      0      0
1557456658.100455181      0.0439453 0.0878906      0      0
1557456658.119468245           0 0.0878906      0      0
1557456658.138548692           0 0.0878906      0      0
1557456658.157510391           0 0.0878906      0      0
1557456658.176569578           0 0.0878906      0      0
1557456658.195635170           0 0.0878906      0      0
1557456658.214441791           0 0.0878906      0      0
1557456658.233475152           0 0.0878906      0      0
1557456658.252522662           0 0.0878906      0      0
1557456658.272542933           0 0.0878906      0      0
1557456658.291519344           0 0.0878906      0      0
1557456658.310555625           0 0.0878906      0      0
1557456658.330563520      0.0439453 0.0878906      0      0
1557456658.349513202      -0.0439453 0.0878906      0      0
1557456658.369523966           0 0.0878906      0      0
1557456658.389563638           0 0.0878906      0      0
1557456658.409551473           0 0.0878906      0      0
1557456658.429504204      0.0439453 0.0878906      0      0
1557456658.449495866      -0.0439453 0.0878906      0      0
1557456658.469536544           0 0.0878906      0      0
1557456658.489532905           0 0.0878906      0      0
1557456658.509561570           0 0.0878906      0      0
1557456658.529499252           0 0.0878906      0      0
1557456658.549570355           0 0.0878906      0      0
1557456658.569502256           0 0.0878906      0      0
1557456658.589522938      -0.0439453 0.0878906      0      0
1557456658.609571871           0 0.0878906      0      0
1557456658.630523291           0 0.0878906      0      0
1557456658.650545485           0 0.0878906      0      0
1557456658.670519080           0 0.0878906      0      0
1557456658.690493798           0 0.0878906      0      0
1557456658.710590841           0 0.0878906      0      0
1557456658.730514529           0 0.0878906      0      0
1557456658.751566164           0 0.0878906      0      0
1557456658.770541655      -0.0439453 0.0878906      0      0
1557456658.791412754           0 0.0878906      0      0
1557456658.811306204      -0.0439453 0.0439453      0      0
