1557456474.324246177      -93.3838 -49.4385      0      0
1557456474.344253087      -91.8896 -49.4824      0      0
1557456474.365320427      -88.6377 -49.4385      0      0
1557456474.387297214      -84.7266 -49.043      0      0
1557456474.408240350      -80.7715 -48.0322      0      0
1557456474.429307835      -76.6846 -46.4502      0      0
1557456474.449362857      -72.7295 -44.6484      0      0
1557456474.469359207      -69.1699 -43.0664      0      0
1557456474.488396685      -65.4785 -41.5723      0      0
1557456474.509504357      -61.8311 -40.0342      0      0
1557456474.529406203      -58.0957 -38.3203      0      0
1557456474.548385343      -54.4043 -36.7822      0      0
1557456474.568352698      -50.9326 -35.2441      0      0
1557456474.589376949      -47.373 -33.7061     95    -20
1557456474.608350259      -43.6377 -32.2559     95    -20
1557456474.629467856      -39.9023 -30.8057     95    -20
1557456474.649380111      -36.167 -28.125     95    -20
1557456474.668378577      -32.7393 -24.2139     95    -20
1557456474.688410270      -29.2676 -20.127     95    -20
1557456474.708770930      -25.752 -19.6436     95    -20
1557456474.729460119      -21.9287 -20.0391     95    -20
1557456474.748350840      -18.1494 -19.8193     95    -20
1557456474.768374071      -14.7217 -19.9512     95    -20
1557456474.788371705      -11.2061 -19.9951     95    -20
1557456474.808376837      -7.64648 -19.9072     95    -20
1557456474.828367559      -4.04297 -19.9512     95    -20
1557456474.849459710      -0.219727 -19.9512     95    -20
1557456474.868412281      3.25195 -19.9512     95    -20
1557456474.888345870      6.72363 -19.9512     95    -20
1557456474.908355147      10.1953 -19.9512     95    -20
1557456474.928364556      13.8428 -19.9512     95    -20
1557456474.948437049      17.5342 -19.9512     95    -20
1557456474.968344539      21.0938 -19.9512     95    -20
1557456474.988341833      24.3896 -19.9512     95    -20
1557456475.009441019      27.7295 -19.9512     95    -20
1557456475.028361182      31.1133 -19.9512     95    -20
1557456475.048382718      34.7607 -19.9512     95    -20
1557456475.068369673      38.1885 -19.9512     95    -20
1557456475.088372268      41.5283 -19.9512     95    -20
1557456475.108377397      44.9121 -19.9512     95    -20
1557456475.128395801      48.3398 -19.9512     95    -20
1557456475.148352349      51.7676 -19.9512     95    -20
1557456475.168410329      55.415 -19.9512     95    -20
1557456475.188341569      58.8428 -19.9512     95    -20
1557456475.208379559      62.0508 -19.9512     95    -20
1557456475.228386009      65.2588 -19.9512     95    -20
1557456475.248349751      68.5986 -19.9512     95    -20
1557456475.268367113      71.8506 -19.9512     95    -20
1557456475.288368142      75.1465 -19.9512     95    -20
1557456475.308351969      78.4424 -19.9512     95    -20
1557456475.328355794      81.6943 -19.9512     95    -20
1557456475.348377892      84.9902 -19.9512     95    -20
1557456475.368433841      88.2861 -19.9512     95    -20
1557456475.388426912      91.626 -19.9512     95    -20
1557456475.408455845       94.79 -19.9512     95    -20
1557456475.428352697      95.1416 -20.0391     95    -20
1557456475.448374889      95.0098 -19.9072     95    -20
1557456475.468410571      94.7021 -19.9512     95    -20
1557456475.488419906      94.8779 -19.9512     95    -20
1557456475.508534602      94.9658 -19.9512     95    -20
1557456475.528419413      94.834 -19.9512     95    -20
1557456475.548655009      94.9658 -19.9512     95    -20
1557456475.568537003      94.9658 -19.9512     95    -20
1557456475.588469376      94.9219 -19.9512     95    -20
1557456475.607555982      94.9658 -19.9512     95    -20
1557456475.627534471      94.9658 -19.9512     95    -20
1557456475.645482125      94.9658 -19.9512     95    -20
1557456475.665533126      94.9658 -19.9512     95    -20
1557456475.683517924      94.9658 -19.9512     95    -20
1557456475.703570218      94.9658 -19.9512     95    -20
1557456475.722606955      94.9658 -19.9512     95    -20
1557456475.743543061      94.9658 -19.9512     95    -20
1557456475.763496267      94.9658 -19.9512     95    -20
1557456475.782461085      94.9658 -19.9512     95    -20
1557456475.802484373      94.9658 -19.9512     95    -20
1557456475.821536576      94.9658 -19.9512     95    -20
1557456475.841534032      94.9658 -19.9512     95    -20
1557456475.862495572      94.9658 -19.9512     95    -20
1557456475.882475447      94.9658 -19.9512     95    -20
1557456475.902458363      94.9658 -19.9512     95    -20
1557456475.922496946      94.9658 -19.9512     95    -20
1557456475.941520469      94.9658 -19.9512     95    -20
1557456475.961476705      94.9658 -19.9512     95    -20
1557456475.982485030      94.9658 -19.9512     95    -20
1557456476.002463471      94.9658 -19.9512     95    -20
1557456476.022523662      94.9658 -19.9512     95    -20
1557456476.043500735      94.9658 -19.9512     95    -20
1557456476.063516636      94.9658 -19.9512     95    -20
1557456476.083498244      94.9658 -19.9512     95    -20
1557456476.103504937      94.9658 -19.9512     95    -20
1557456476.123473156      94.9658 -19.9512     95    -20
1557456476.143517540      94.9658 -19.9512     95    -20
1557456476.164597132      94.9658 -19.9512     95    -20
1557456476.185481100      94.9658 -19.9512     95    -20
1557456476.205476177      94.9658 -19.9512     95    -20
1557456476.227463308      94.9658 -19.9512     95    -20
1557456476.247770856      94.9658 -19.9512     95    -20
1557456476.269528417      94.9658 -19.9512     95    -20
1557456476.290471929      94.9658 -19.9512     95    -20
1557456476.309673840      94.9658 -19.9512     95    -20
1557456476.328479550      94.9658 -19.9512     95    -20
1557456476.347751055      94.9658 -19.9512     95    -20
1557456476.369502263      94.9658 -19.9512     95    -20
1557456476.388513528      94.9658 -19.9512     95    -20
1557456476.408498693      94.9658 -19.9512     95    -20
1557456476.428709626      94.9658 -19.9512     95    -20
1557456476.448461425      94.9658 -19.9512     95    -20
1557456476.467484585      94.9658 -19.9512     95    -20
1557456476.486507135      94.9658 -19.9512     95    -20
1557456476.505540497      94.9658 -19.9512     95    -20
1557456476.524522460      94.9658 -19.9512     95    -20
1557456476.543500008      94.9658 -19.9512     95    -20
1557456476.562449551      94.9658 -19.9512     95    -20
1557456476.582466658      94.9658 -19.9512     95    -20
1557456476.602505854      94.9658 -19.9512     95    -20
1557456476.622469687      94.9658 -19.9512     95    -20
1557456476.641527726      94.9658 -19.9512     95    -20
1557456476.661473034      94.9658 -19.9512     95    -20
1557456476.680602268      94.9658 -19.9512     95    -20
1557456476.700492025      94.9658 -19.9512     95    -20
1557456476.720505402      94.9658 -19.9512     95    -20
1557456476.739488892      94.9658 -19.9512     95    -20
1557456476.758479819      94.9658 -19.9512     95    -20
1557456476.778540638      94.9658 -19.9512     95    -20
1557456476.797431277      94.9658 -19.9512     95    -20
1557456476.817499967      94.9658 -19.9512     95    -20
1557456476.837495504      94.9658 -19.9512     95    -20
1557456476.857538278      94.9658 -19.9512     95    -20
1557456476.877581674      94.9658 -19.9512     95    -20
1557456476.897477436      94.9658 -19.9512     95    -20
1557456476.917466105      94.9658 -19.9512     95    -20
1557456476.937444864      94.9658 -19.9512     95    -20
1557456476.957506523      94.9658 -19.9512     95    -20
1557456476.976512932      94.9658 -19.9512     95    -20
1557456476.995395985      94.9658 -19.9512     95    -20
1557456477.014353121      94.9658 -19.9512     95    -20
1557456477.033386491      94.9658 -19.9512     95    -20
