1557479264.467956661      -0.0439453 13.8867      0      0
1557479264.486904825      0.0439453 12.876      0      0
1557479264.506976149           0 11.8213      0      0
1557479264.526956832      -0.0439453 10.7227      0      0
1557479264.548008805      0.0439453 9.49219      0      0
1557479264.567983389           0 8.34961      0      0
1557479264.587881825           0 7.25098      0      0
1557479264.606969680           0 6.1084      0      0
1557479264.626931240      -0.0439453 5.05371      0      0
1557479264.647023764           0 3.99902      0      0
1557479264.667987290           0 3.12012      0      0
1557479264.687882632      -0.0439453 2.3291      0      0
1557479264.708879138      0.0439453 1.53809      0      0
1557479264.729926296      -0.0439453 0.878906      0      0
1557479264.750946640           0 0.263672      0      0
1557479264.771087332           0 -0.263672      0      0
1557479264.791446867      -0.0439453 -0.791016      0      0
1557479264.810916261      0.0439453 -1.23047      0      0
1557479264.830905979      -0.0439453 -1.58203      0      0
1557479264.852996094      -0.0439453 -1.93359      0      0
1557479264.873039189           0 -2.19727      0      0
1557479264.895059013      -0.0439453 -2.41699      0      0
1557479264.914873834      0.0439453 -2.54883      0      0
1557479264.934891619           0 -2.63672      0      0
1557479264.955891898      -0.0439453 -2.63672      0      0
1557479264.976918290      0.0439453 -2.63672      0      0
1557479264.998974292      -0.0439453 -2.63672      0      0
1557479265.018969856           0 -2.63672      0      0
1557479265.041151102           0 -2.59277      0      0
1557479265.060874764           0 -2.50488      0      0
1557479265.082961666           0 -2.46094      0      0
1557479265.104122048      -0.0439453 -2.37305      0      0
1557479265.124140842      0.0439453 -2.3291      0      0
1557479265.144879482           0 -2.24121      0      0
1557479265.165923505      -0.0439453 -2.15332      0      0
1557479265.186927471      0.0439453 -2.10938      0      0
1557479265.207913486      -0.0439453 -2.06543      0      0
1557479265.227969025      0.0439453 -2.02148      0      0
1557479265.247892538           0 -1.93359      0      0
1557479265.268145988           0 -1.88965      0      0
1557479265.287891077           0 -1.88965      0      0
1557479265.307881231      -0.0439453 -1.80176      0      0
1557479265.327928748           0 -1.80176      0      0
1557479265.347874598           0 -1.80176      0      0
1557479265.369063951           0 -1.75781      0      0
1557479265.387889520           0 -1.71387      0      0
1557479265.407930015      -0.0439453 -1.66992      0      0
1557479265.427946011           0 -1.66992      0      0
1557479265.447945030      0.0439453 -1.66992      0      0
1557479265.467949349      -0.0439453 -1.62598      0      0
1557479265.487876134      0.0439453 -1.58203      0      0
1557479265.507892886           0 -1.53809      0      0
1557479265.527909950      -0.0439453 -1.53809      0      0
1557479265.547966473      0.0439453 -1.53809      0      0
1557479265.568411547      -0.0439453 -1.49414      0      0
1557479265.587879561           0 -1.49414      0      0
1557479265.607916217      0.0439453 -1.49414      0      0
1557479265.627922552      -0.0439453 -1.49414      0      0
1557479265.647930418           0 -1.49414      0      0
1557479265.668303343           0 -1.49414      0      0
1557479265.687883461           0 -1.49414      0      0
1557479265.707878467      0.0439453 -1.4502      0      0
1557479265.727914986      -0.0439453 -1.4502      0      0
1557479265.747954977           0 -1.4502      0      0
1557479265.768194040      0.0439453 -1.4502      0      0
1557479265.787886126      -0.0439453 -1.4502      0      0
1557479265.807877980           0 -1.4502      0      0
1557479265.827999241           0 -1.40625      0      0
1557479265.847938219      -0.0439453 -1.40625      0      0
1557479265.867978642      0.0439453 -1.40625      0      0
1557479265.887920241      -0.0439453 -1.40625      0      0
1557479265.907878546           0 -1.40625      0      0
1557479265.928007397           0 -1.40625      0      0
1557479265.947912868      -0.0439453 -1.3623      0      0
1557479265.967942055           0 -1.40625      0      0
1557479265.987936199           0 -1.3623      0      0
1557479266.007882097      -0.0439453 -1.3623      0      0
1557479266.027924454      0.0439453 -1.3623      0      0
1557479266.047930650      -0.0439453 -1.3623      0      0
1557479266.067951100           0 -1.3623      0      0
1557479266.087987642           0 -1.3623      0      0
1557479266.107959126      -0.0439453 -1.3623      0      0
1557479266.128148862      0.0439453 -1.3623      0      0
1557479266.147879367           0 -1.3623      0      0
1557479266.167933902           0 -1.3623      0      0
1557479266.187948153      0.0439453 -1.3623      0      0
1557479266.207975491      -0.0439453 -1.3623      0      0
1557479266.228147065           0 -1.3623      0      0
1557479266.247880712           0 -1.3623      0      0
1557479266.267915666      -0.0439453 -1.31836      0      0
1557479266.288025621      0.0439453 -1.3623      0      0
1557479266.307950743      -0.0439453 -1.3623      0      0
1557479266.327912830           0 -1.3623      0      0
1557479266.347890548      0.0439453 -1.31836      0      0
1557479266.367880124      -0.0439453 -1.31836      0      0
1557479266.388056033      0.0439453 -1.31836      0      0
1557479266.408036087           0 -1.31836      0      0
1557479266.427946172           0 -1.31836      0      0
1557479266.447987582           0 -1.31836      0      0
1557479266.467894133      -0.0439453 -1.31836      0      0
1557479266.488146352           0 -1.31836      0      0
1557479266.507928036           0 -1.27441      0      0
1557479266.527966356      -0.0439453 -1.31836      0      0
1557479266.547979281      0.0439453 -1.27441      0      0
1557479266.567920765      -0.0439453 -1.27441      0      0
1557479266.588044616           0 -1.27441      0      0
1557479266.607914414      0.0439453 -1.27441      0      0
1557479266.627932834      -0.0439453 -1.27441      0      0
1557479266.647974772           0 -1.27441      0      0
1557479266.667995891           0 -1.27441      0      0
1557479266.688135780      -0.0439453 -1.27441      0      0
1557479266.707903126      0.0439453 -1.27441      0      0
1557479266.727932817           0 -1.27441      0      0
1557479266.747942732           0 -1.27441      0      0
1557479266.768009042      0.0439453 -1.27441      0      0
1557479266.788255690      -0.0439453 -1.27441      0      0
1557479266.807906810           0 -1.27441      0      0
1557479266.827902364           0 -1.27441      0      0
1557479266.847951837           0 -1.27441      0      0
1557479266.867944859           0 -1.27441      0      0
1557479266.888203138      -0.0439453 -1.27441      0      0
1557479266.907903458           0 -1.27441      0      0
1557479266.927902013           0 -1.27441      0      0
1557479266.947926981           0 -1.27441      0      0
1557479266.967975607      0.0439453 -1.27441      0      0
1557479266.988178330      -0.0439453 -1.27441      0      0
1557479267.007901390           0 -1.27441      0      0
1557479267.027894127           0 -1.27441      0      0
1557479267.047910641      -0.0439453 -1.27441      0      0
1557479267.067952446           0 -1.27441      0      0
1557479267.087963188           0 -1.27441      0      0
1557479267.107972129           0 -1.27441      0      0
1557479267.127904213      0.0439453 -1.27441      0      0
1557479267.147967455      -0.0439453 -1.27441      0      0
1557479267.167925396      0.0439453 -1.27441      0      0
1557479267.187960074           0 -1.27441      0      0
1557479267.207937737      -0.0439453 -1.27441      0      0
1557479267.227898631      0.0439453 -1.27441      0      0
1557479267.248034607      -0.0439453 -1.27441      0      0
1557479267.267941594           0 -1.27441      0      0
1557479267.287950368           0 -1.27441      0      0
1557479267.307978414      -0.0439453 -1.23047      0      0
1557479267.327848033      0.0439453 -1.27441      0      0
1557479267.347841369      -0.0439453 -1.23047      0      0
1557479267.367824660           0 -1.27441      0      0
