1557456303.343624493      -59.7217 -49.0869      0      0
1557456303.363650345      -59.8975 -45.4395      0      0
1557456303.383670928      -59.8975 -41.2646      0      0
1557456303.403724550      -58.0078 -39.4629      0      0
1557456303.423630236      -55.1514 -37.8369      0      0
1557456303.443646390      -51.9873 -36.3428      0      0
1557456303.463562947      -48.4717 -34.7607      0      0
1557456303.483570516      -45.1318 -33.2227      0      0
1557456303.503635077      -41.7041 -31.7725      0      0
1557456303.523638092      -37.9688 -30.3223      0      0
1557456303.543572618      -34.6729 -28.8281      0      0
1557456303.563552140      -31.4648 -27.334      0      0
1557456303.583575971      -28.125 -25.8838      0      0
1557456303.603648788      -24.6973 -24.3018      0    -20
1557456303.623838049      -21.2256 -22.6758      0    -20
1557456303.643651850      -17.7539 -21.1816      0    -20
1557456303.663588374      -14.5459 -19.7754      0    -20
1557456303.683779345      -11.3379 -18.2373      0    -20
1557456303.703873517      -8.04199 -18.5449      0    -20
1557456303.723999016      -4.74609 -20.5225      0    -20
1557456303.743808495      -1.09863 -19.3359      0    -20
1557456303.763846504      0.615234 -20.127      0    -20
1557456303.783763691      0.0439453 -19.6875      0    -20
1557456303.803995607      -0.175781 -19.9512      0    -20
1557456303.823811099      0.0439453 -19.9072      0    -20
1557456303.843834089      -0.0439453 -19.9072      0    -20
1557456303.864846811      -0.131836 -19.9512      0    -20
1557456303.884813636      -0.0439453 -19.9512      0    -20
1557456303.904993194           0 -19.9072      0    -20
1557456303.924804793           0 -19.9072      0    -20
1557456303.944858959           0 -19.9072      0    -20
1557456303.964945665      -0.0439453 -19.9072      0    -20
1557456303.985892073      -0.0878906 -19.9072      0    -20
1557456304.005963329           0 -19.9512      0    -20
1557456304.026785140           0 -19.9072      0    -20
1557456304.046851961      -0.0439453 -19.9072      0    -20
1557456304.066854081      -0.0439453 -19.9512      0    -20
1557456304.087818949      -0.0439453 -19.9512      0    -20
1557456304.107803233      -0.0439453 -19.9072      0    -20
1557456304.127784922      -0.0439453 -19.9512      0    -20
1557456304.147815523      -0.0439453 -19.9512      0    -20
1557456304.168836704           0 -19.9072      0    -20
1557456304.188844351      -0.0439453 -19.9512      0    -20
1557456304.209848951           0 -19.9072      0    -20
1557456304.228805434      -0.0439453 -19.9072      0    -20
1557456304.247786229           0 -19.9072      0    -20
1557456304.266855779      -0.0439453 -19.9072      0    -20
1557456304.286992849      -0.0439453 -19.9072      0    -20
1557456304.306846864      -0.0439453 -19.9072      0    -20
1557456304.326844108      -0.0439453 -19.9072      0    -20
1557456304.346817452      -0.0439453 -19.9072      0    -20
1557456304.365872070      -0.0439453 -19.9512      0    -20
1557456304.384834434      -0.0439453 -19.9512      0    -20
1557456304.404832448           0 -19.9072      0    -20
1557456304.423778875      -0.0439453 -19.9072      0    -20
1557456304.443824790      -0.0439453 -19.9072      0    -20
1557456304.462786588           0 -19.9512      0    -20
1557456304.481795373      -0.0439453 -19.9512      0    -20
1557456304.500852094      -0.0439453 -19.9512      0    -20
1557456304.519833773      -0.0439453 -19.9072      0    -20
1557456304.539825956           0 -19.9072      0    -20
1557456304.558834504      -0.0439453 -19.9072      0    -20
1557456304.578803421           0 -19.9072      0    -20
1557456304.597817041      -0.0439453 -19.9072      0    -20
1557456304.616868440      -0.0439453 -19.9072      0    -20
1557456304.635825592      -0.0439453 -19.9072      0    -20
1557456304.655888351           0 -19.9072      0    -20
1557456304.674843044      -0.0439453 -19.9512      0    -20
1557456304.694818194      -0.0439453 -19.9072      0    -20
1557456304.713851694           0 -19.9072      0    -20
1557456304.733005149           0 -19.9072      0    -20
1557456304.752826822      -0.0439453 -19.9072      0    -20
1557456304.772324366      -0.0439453 -19.9512      0    -20
1557456304.790851578      -0.0439453 -19.9072      0    -20
1557456304.809780390      -0.0439453 -19.9072      0    -20
1557456304.828801792           0 -19.9072      0    -20
1557456304.848823719      -0.0439453 -19.9072      0    -20
1557456304.867838381      -0.0439453 -19.9512      0    -20
1557456304.886828973           0 -19.9072      0    -20
1557456304.906836344      -0.0439453 -19.9512      0    -20
1557456304.925810099           0 -19.9512      0    -20
1557456304.945833443           0 -19.9512      0    -20
1557456304.965856030      -0.0439453 -19.9072      0    -20
1557456304.985827528      -0.0439453 -19.9512      0    -20
1557456305.005965110      -0.0439453 -19.9072      0    -20
1557456305.025004423           0 -19.9512      0    -20
1557456305.044814682      -0.0439453 -19.9512      0    -20
1557456305.063861875      -0.0439453 -19.9072      0    -20
1557456305.083828062      -0.0439453 -19.9072      0    -20
1557456305.104054250      -0.0439453 -19.9072      0    -20
1557456305.123802585           0 -19.9512      0    -20
1557456305.142825940      -0.0439453 -19.9072      0    -20
1557456305.161774899           0 -19.9072      0    -20
1557456305.180747894      -0.0439453 -19.9072      0    -20
1557456305.199716929      -0.0439453 -19.9072      0    -20
1557456305.218740061           0 -19.9072      0    -20
1557456305.239711798      -0.0439453 -19.9072      0    -20
