1557455793.532190076      -0.131836 -48.8232      0      0
1557455793.552218143      -0.0878906 -45.0439      0      0
1557455793.572229067      -0.0878906 -41.0889      0      0
1557455793.592173108      -0.131836 -40.2539      0      0
1557455793.611399457      -0.0439453 -39.2871      0      0
1557455793.632210285      -0.0878906 -38.0566      0      0
1557455793.651640058      -0.0878906 -36.5625      0      0
1557455793.671611563      -0.0878906 -35.0684      0      0
1557455793.691678287      -0.0878906 -33.5742      0      0
1557455793.711616383      -0.0878906 -32.168      0      0
1557455793.731792579      -0.0878906 -30.7617      0      0
1557455793.751633810      -0.0878906 -29.2676      0      0
1557455793.771557031      -0.0878906 -27.8174      0      0
1557455793.791676306      -0.0878906 -26.4111      0     20
1557455793.811658163      -0.0878906 -24.873      0     20
1557455793.831664858      -0.0878906 -23.291      0     20
1557455793.851704082      -0.0878906 -21.7529      0     20
1557455793.871578835      -0.0878906 -20.3467      0     20
1557455793.891645370      -0.0878906 -17.9297      0     20
1557455793.911640474      -0.0878906 -14.2383      0     20
1557455793.931675592      -0.0878906 -10.6787      0     20
1557455793.951638624      -0.0878906 -7.25098      0     20
1557455793.971710766      -0.0878906 -3.86719      0     20
1557455793.991582087      -0.0878906 -0.439453      0     20
1557455794.011600999      -0.0878906 2.8125      0     20
1557455794.031652219      -0.0878906 6.15234      0     20
1557455794.051742572      -0.0878906 9.44824      0     20
1557455794.071577333      -0.0878906 12.876      0     20
1557455794.091583405      -0.0878906 16.2598      0     20
1557455794.111620413      -0.0878906 19.5996      0     20
1557455794.131577813      -0.0878906 20.2148      0     20
1557455794.151626498      -0.175781 19.8633      0     20
1557455794.171585469           0 19.9072      0     20
1557455794.191660263           0 19.9072      0     20
1557455794.210547712      -0.0878906 19.9072      0     20
1557455794.231571871      -0.0878906 19.9512      0     20
1557455794.251618939      -0.0878906 19.9512      0     20
1557455794.271678963      -0.0439453 19.9072      0     20
1557455794.291727692      -0.0878906 19.9512      0     20
1557455794.311560032      -0.0878906 19.9512      0     20
1557455794.331573973      -0.0878906 19.9512      0     20
1557455794.351576594      -0.0878906 19.9512      0     20
1557455794.371667571      -0.0878906 19.9512      0     20
1557455794.391646209      -0.0878906 19.9512      0     20
1557455794.411628262      -0.0878906 19.9512      0     20
1557455794.431620235      -0.0878906 19.9512      0     20
1557455794.451629103      -0.0878906 19.9512      0     20
1557455794.471576512      -0.0878906 19.9512      0     20
1557455794.491664083      -0.0878906 19.9512      0     20
1557455794.511633797      -0.0878906 19.9512      0     20
1557455794.531556660      -0.0878906 19.9512      0     20
1557455794.551567930      -0.0878906 19.9512      0     20
1557455794.571577802      -0.0878906 19.9512      0     20
1557455794.591677967      -0.0878906 19.9072      0     20
1557455794.611678692      -0.0878906 19.9512      0     20
1557455794.631811186      -0.0878906 19.9512      0     20
1557455794.651552193      -0.0878906 19.9512      0     20
1557455794.671576969      -0.0878906 19.9512      0     20
1557455794.691621259      -0.0878906 19.9512      0     20
1557455794.711633906      -0.0878906 19.9512      0     20
1557455794.731581441      -0.0878906 19.9512      0     20
1557455794.751531090      -0.0878906 19.9512      0     20
1557455794.771554886      -0.0878906 19.9512      0     20
1557455794.791696790      -0.0878906 19.9512      0     20
1557455794.811629671      -0.0878906 19.9512      0     20
1557455794.833654032      -0.0878906 19.9512      0     20
1557455794.853610672      -0.0878906 19.9512      0     20
1557455794.873566740      -0.0878906 19.9512      0     20
1557455794.893581259      -0.0878906 19.9512      0     20
1557455794.913622703      -0.0878906 19.9072      0     20
1557455794.934584118      -0.0878906 19.9512      0     20
1557455794.954611834      -0.0878906 19.9512      0     20
1557455794.974550882      -0.0878906 19.9512      0     20
1557455794.993554703      -0.0878906 19.9512      0     20
1557455795.014633568      -0.0878906 19.9512      0     20
1557455795.033577061      -0.0878906 19.9512      0     20
1557455795.053614515      -0.0878906 19.9512      0     20
1557455795.074625223      -0.0878906 19.9512      0     20
1557455795.093537902      -0.0878906 19.9512      0     20
1557455795.112596773      -0.0878906 19.9512      0     20
1557455795.132551818      -0.0878906 19.9512      0     20
1557455795.152578826      -0.0878906 19.9512      0     20
1557455795.172576745      -0.0878906 19.9512      0     20
1557455795.192531198      -0.0878906 19.9512      0     20
1557455795.212591049      -0.0878906 19.9512      0     20
1557455795.232589319      -0.0878906 19.9512      0     20
1557455795.252635288      -0.0878906 19.9512      0     20
1557455795.272577257      -0.0878906 19.9512      0     20
1557455795.292836860      -0.0878906 19.9512      0     20
1557455795.312525083      -0.0878906 19.9512      0     20
1557455795.332558324      -0.0878906 19.9512      0     20
1557455795.351547845      -0.0878906 19.9512      0     20
1557455795.370567961      -0.0878906 19.9512      0     20
1557455795.390609594      -0.0878906 19.9072      0     20
1557455795.410523539      -0.0878906 19.9512      0     20
1557455795.430614130      -0.0878906 19.9512      0     20
1557455795.451566608      -0.0878906 19.9512      0     20
1557455795.470651451      -0.0878906 19.9512      0     20
1557455795.490598156      -0.0878906 19.9512      0     20
1557455795.510698788      -0.0878906 19.9512      0     20
1557455795.531301604      -0.0878906 19.9512      0     20
1557455795.551297237      -0.0878906 19.9512      0     20
1557455795.571268137      -0.0878906 19.9512      0     20
1557455795.590289683      -0.0878906 19.9512      0     20
1557455795.611274710      -0.0878906 19.9512      0     20
1557455795.630217578      -0.0878906 19.9512      0     20
1557455795.650259529      -0.0878906 19.9512      0     20
1557455795.671301375      -0.0878906 19.9512      0     20
1557455795.691306637      -0.0878906 19.9512      0     20
1557455795.711292101      -0.0878906 19.9512      0     20
1557455795.731369675      -0.0878906 19.9512      0     20
1557455795.751282395      -0.0878906 19.9512      0     20
1557455795.771269886      -0.0878906 19.9512      0     20
1557455795.791313373      -0.0878906 19.9512      0     20
1557455795.811346858      -0.0878906 19.9512      0     20
1557455795.831308619      -0.0878906 19.9512      0     20
1557455795.851533656      -0.0878906 19.9512      0     20
1557455795.872242629      -0.0878906 19.9512      0     20
1557455795.892266777      -0.0878906 19.9512      0     20
1557455795.913312912      -0.0878906 19.9512      0     20
1557455795.934257843      -0.0878906 19.9512      0     20
1557455795.956345589      -0.0878906 19.9512      0     20
1557455795.976335728      -0.0878906 19.9512      0     20
1557455795.996263486      -0.0878906 19.9512      0     20
1557455796.016265429      -0.0878906 19.9512      0     20
1557455796.036348095      -0.0878906 19.9512      0     20
1557455796.056330965      -0.0878906 19.9512      0     20
1557455796.077286515      -0.0878906 19.9512      0     20
1557455796.096293569      -0.0878906 19.9512      0     20
1557455796.115719464      -0.0878906 19.9512      0     20
1557455796.134311628      -0.0878906 19.9512      0     20
1557455796.153319750      -0.0878906 19.9512      0     20
1557455796.172330254      -0.0878906 19.9512      0     20
1557455796.191277527      -0.0439453 19.9512      0     20
1557455796.210271277      -0.0878906 19.9512      0     20
1557455796.229333323      -0.0878906 19.9512      0     20
1557455796.248481224      -0.0878906 19.9512      0     20
1557455796.267343092      -0.0878906 19.9512      0     20
1557455796.286303759      -0.0439453 19.9512      0     20
1557455796.306268938      -0.0878906 19.9512      0     20
1557455796.325304456      -0.0878906 19.9512      0     20
1557455796.345287751      -0.0878906 19.9512      0     20
1557455796.365308066      -0.0878906 19.9512      0     20
1557455796.385299883      -0.0878906 19.9512      0     20
1557455796.405342198      -0.0878906 19.9512      0     20
1557455796.424274997      -0.0878906 19.9512      0     20
1557455796.444309976      -0.0878906 19.9512      0     20
1557455796.463333921      -0.0878906 19.9512      0     20
1557455796.482300495      -0.0878906 19.9512      0     20
1557455796.502304568      -0.0878906 19.9512      0     20
1557455796.522322651      -0.0878906 19.9512      0     20
1557455796.542230107      -0.0878906 19.9512      0     20
1557455796.562287612      -0.0878906 19.9512      0     20
1557455796.582316780      -0.0878906 19.9512      0     20
1557455796.602330724      -0.0878906 19.9512      0     20
1557455796.622314317      -0.0878906 19.9512      0     20
1557455796.642354514      -0.0878906 19.9512      0     20
1557455796.661273426      -0.0878906 19.9512      0     20
1557455796.681301507      -0.0878906 19.9512      0     20
1557455796.701335752      -0.0878906 19.9512      0     20
1557455796.721317529      -0.0878906 19.9512      0     20
1557455796.740315260      -0.0878906 19.9512      0     20
1557455796.760261527      -0.0878906 19.9512      0     20
1557455796.780323753      -0.0878906 19.9512      0     20
1557455796.800359304      -0.0878906 19.9512      0     20
1557455796.820301798      -0.0878906 19.9512      0     20
1557455796.840389624      -0.0878906 19.9072      0     20
1557455796.860267089      -0.0878906 19.9512      0     20
1557455796.880288344      -0.0878906 19.9512      0     20
1557455796.900314602      -0.0878906 19.9512      0     20
1557455796.920343656      -0.0878906 19.9512      0     20
1557455796.940356598      -0.0878906 19.9512      0     20
1557455796.960315264      -0.0878906 19.9512      0     20
1557455796.980273116      -0.0878906 19.9512      0     20
1557455797.000308625      -0.0878906 19.9512      0     20
1557455797.020355820      -0.0878906 19.9512      0     20
1557455797.040445556      -0.0878906 19.9512      0     20
1557455797.060299934      -0.0878906 19.9512      0     20
1557455797.080348686      -0.0878906 19.9512      0     20
1557455797.100290822      -0.0878906 19.9512      0     20
1557455797.120328662      -0.0878906 19.9512      0     20
1557455797.140341076      -0.0878906 19.9512      0     20
1557455797.160297860      -0.0878906 19.9512      0     20
1557455797.180310355      -0.0878906 19.9512      0     20
1557455797.199274243      -0.0878906 19.9512      0     20
1557455797.219295373      -0.0439453 19.9512      0     20
1557455797.239315625      -0.0878906 19.9512      0     20
1557455797.259295161      -0.0878906 19.9512      0     20
1557455797.279312615      -0.0878906 19.9512      0     20
1557455797.299344185      -0.0878906 19.9512      0     20
1557455797.319244453      -0.0878906 19.9512      0     20
1557455797.339265162      -0.0878906 19.9512      0     20
1557455797.360324712      -0.0878906 19.9512      0     20
1557455797.379372353      -0.0878906 19.9512      0     20
1557455797.400275896      -0.0878906 19.9512      0     20
1557455797.419264078      -0.0878906 19.9512      0     20
1557455797.439293131      -0.0878906 19.9072      0     20
1557455797.459325161      -0.0878906 19.9512      0     20
1557455797.480341205      -0.0878906 19.9512      0     20
1557455797.500390112      -0.0878906 19.9512      0     20
1557455797.520321672      -0.0878906 19.9512      0     20
1557455797.539269346      -0.0878906 19.9512      0     20
1557455797.560288284      -0.0878906 19.9512      0     20
1557455797.579340226      -0.0878906 19.9512      0     20
1557455797.599338841      -0.0878906 19.9512      0     20
1557455797.619355393      -0.0878906 19.9072      0     20
1557455797.639323678      -0.0878906 19.9512      0     20
1557455797.659272381      -0.0878906 19.9512      0     20
1557455797.680426483      -0.0878906 19.9512      0     20
1557455797.699315405      -0.0878906 19.9512      0     20
1557455797.720313738      -0.0878906 19.9512      0     20
1557455797.740346142      -0.0878906 19.9512      0     20
1557455797.759252750      -0.0878906 19.9512      0     20
1557455797.779294925      -0.0878906 19.9512      0     20
1557455797.799347763      -0.0878906 19.9512      0     20
1557455797.819325185      -0.0878906 19.9512      0     20
1557455797.839278814      -0.0878906 19.9512      0     20
1557455797.859233319      -0.0878906 19.9512      0     20
1557455797.879265629      -0.0878906 19.9512      0     20
1557455797.899321651      -0.0878906 19.9512      0     20
1557455797.919378716      -0.0878906 19.9512      0     20
1557455797.939386668      -0.0878906 19.9512      0     20
1557455797.959329608      -0.0878906 19.9512      0     20
1557455797.979247722      -0.0878906 19.9512      0     20
1557455797.999287401      -0.0878906 19.9512      0     20
1557455798.019278157      -0.0878906 19.9512      0     20
1557455798.039309268      -0.0878906 19.9512      0     20
1557455798.059425790      -0.0878906 19.9512      0     20
1557455798.079282720      -0.0878906 19.9512      0     20
1557455798.099260798      -0.0878906 19.9512      0     20
1557455798.119319014      -0.0878906 19.9512      0     20
1557455798.139266691      -0.0878906 19.9512      0     20
1557455798.159296208      -0.0878906 19.9512      0     20
1557455798.179279831      -0.0878906 19.9512      0     20
1557455798.199429051      -0.0878906 19.9512      0     20
1557455798.219259462      -0.0878906 19.9512      0     20
1557455798.239280178      -0.0878906 19.9512      0     20
1557455798.259283496      -0.0878906 19.9512      0     20
1557455798.279307460      -0.0878906 19.9512      0     20
1557455798.299237615      -0.0878906 19.9512      0     20
1557455798.319285180      -0.0878906 19.9512      0     20
1557455798.339285389      -0.0878906 19.9512      0     20
1557455798.359685471      -0.0878906 19.9512      0     20
1557455798.379265498      -0.0878906 19.9072      0     20
1557455798.399267664      -0.0878906 19.9512      0     20
1557455798.419238244      -0.0878906 19.9512      0     20
1557455798.439295977      -0.0878906 19.9512      0     20
1557455798.459336156      -0.0878906 19.9512      0     20
1557455798.479294056      -0.0878906 19.9512      0     20
1557455798.499297763      -0.0878906 19.9512      0     20
1557455798.519242873      -0.0878906 19.9512      0     20
1557455798.539322190      -0.0878906 19.9512      0     20
1557455798.559314914      -0.0878906 19.9512      0     20
1557455798.579288754      -0.0878906 19.9512      0     20
1557455798.599275311      -0.0878906 19.9512      0     20
1557455798.619326472      -0.0878906 19.9512      0     20
1557455798.639238097      -0.0878906 19.9512      0     20
1557455798.659272471      -0.0878906 19.9512      0     20
1557455798.679281708      -0.0878906 19.9512      0     20
1557455798.699285984      -0.0878906 19.9512      0     20
1557455798.719287403      -0.0878906 19.9512      0     20
1557455798.739242001      -0.0878906 19.9512      0     20
1557455798.759266384      -0.0878906 19.9512      0     20
1557455798.779303030      -0.0878906 19.9512      0     20
1557455798.799232034      -0.0878906 19.9512      0     20
1557455798.819272680      -0.0878906 19.9072      0     20
1557455798.840440040      -0.0878906 19.9512      0     20
1557455798.861284974      -0.0878906 19.9512      0     20
1557455798.882300069      -0.0878906 19.9512      0     20
1557455798.903310760      -0.0878906 19.9512      0     20
1557455798.924318531      -0.0878906 19.9512      0     20
1557455798.944326385      -0.0878906 19.9512      0     20
1557455798.964258656      -0.0878906 19.9512      0     20
1557455798.986345958      -0.0878906 19.9512      0     20
1557455799.007306625      -0.0878906 19.9512      0     20
1557455799.027316081      -0.0878906 19.9512      0     20
1557455799.047374086      -0.0878906 19.9512      0     20
1557455799.066293737      -0.0878906 19.9512      0     20
1557455799.086200984      -0.0878906 19.9512      0     20
1557455799.106249483      -0.0878906 19.9512      0     20
1557455799.126170249      -0.0878906 19.9512      0     20
