1557455705.510506882      -0.175781 -49.3945      0      0
1557455705.529523208      -0.0878906 -47.0654      0      0
1557455705.548590933      -0.0878906 -43.1982      0      0
1557455705.568562154      -0.0878906 -40.21      0      0
1557455705.587536706      -0.131836 -39.0234      0      0
1557455705.608550942      -0.0878906 -37.4414      0      0
1557455705.628511774      -0.0878906 -35.9033      0      0
1557455705.648517313      -0.0878906 -34.4092      0      0
1557455705.668556672      -0.0878906 -32.959      0      0
1557455705.688692177      -0.0878906 -31.5967      0      0
1557455705.708570464      -0.0878906 -30.1465      0      0
1557455705.729831317      -0.0878906 -28.6523      0      0
1557455705.748565153      -0.0878906 -27.2021      0      0
1557455705.768635549      -0.0878906 -25.752      0      0
1557455705.788710042      -0.0878906 -24.2139      0      0
1557455705.808548377      -0.0878906 -22.5879      0      0
1557455705.828568676      -0.0878906 -20.127      0      0
1557455705.848487932      -0.0878906 -16.3037      0      0
1557455705.868556063      -0.131836 -12.6562      0      0
1557455705.888559820      -0.0878906 -9.22852      0      0
1557455705.908577394      -0.0878906 -5.88867      0      0
1557455705.928609685      -0.0878906 -2.3291      0      0
1557455705.948549373      -0.0878906 0.263672      0      0
1557455705.968520995      -0.131836 0.131836      0      0
1557455705.988534651      -0.0878906 -0.0878906      0      0
1557455706.008562767      -0.0439453 -0.0439453      0      0
1557455706.028788030      -0.0878906 -0.0439453      0      0
1557455706.048534181      -0.0878906 -0.0439453      0      0
1557455706.068514962      -0.0878906 -0.0439453      0      0
1557455706.088533066      -0.0878906 -0.0439453      0      0
1557455706.108535486      -0.0878906 -0.0439453      0      0
1557455706.128549453      -0.0439453 -0.0439453      0      0
1557455706.148541753      -0.0878906 -0.0439453      0      0
1557455706.167559088      -0.0878906 -0.0439453      0      0
1557455706.188497055      -0.0878906 -0.0439453      0      0
1557455706.208558839      -0.0878906 -0.0439453      0      0
1557455706.227555976      -0.0878906 -0.0439453      0      0
1557455706.248536716      -0.0878906 -0.0439453      0      0
1557455706.270559477      -0.0878906 -0.0439453      0      0
1557455706.290626112      -0.0878906 -0.0439453      0      0
1557455706.309507014      -0.0878906 -0.0439453      0      0
1557455706.330539874      -0.0878906 -0.0439453      0      0
1557455706.350580112      -0.0878906 -0.0439453      0      0
1557455706.370501442      -0.0878906 -0.0439453      0      0
1557455706.391532157      -0.0878906 -0.0439453      0      0
1557455706.410523831      -0.0878906 -0.0439453      0      0
1557455706.429565128      -0.0878906 -0.0439453      0      0
1557455706.448620040      -0.0878906 -0.0439453      0      0
1557455706.467693936      -0.0878906 -0.0439453      0      0
1557455706.486551712      -0.0878906 -0.0439453      0      0
1557455706.505581446      -0.0878906 -0.0439453      0      0
1557455706.524490680      -0.0878906 -0.0439453      0      0
1557455706.543518252      -0.0878906 -0.0439453      0      0
1557455706.562812220      -0.0878906 -0.0439453      0      0
1557455706.581561228      -0.0878906 -0.0439453      0      0
1557455706.600562705      -0.0878906 -0.0439453      0      0
1557455706.619586453      -0.0878906 -0.0439453      0      0
1557455706.638528251      -0.0878906 -0.0439453      0      0
1557455706.657535723      -0.0878906 -0.0439453      0      0
1557455706.677538993      -0.0878906 -0.0439453      0      0
1557455706.696575881      -0.0878906 -0.0439453      0      0
1557455706.715660134      -0.0878906 -0.0439453      0      0
1557455706.734559190      -0.0878906 -0.0439453      0      0
1557455706.753489029      -0.0878906 -0.0439453      0      0
1557455706.772586970      -0.0878906 -0.0439453      0      0
1557455706.791531644      -0.0878906 -0.0439453      0      0
1557455706.810604663      -0.0878906 -0.0439453      0      0
1557455706.829504664      -0.0878906 -0.0439453      0      0
1557455706.848495293      -0.0878906 -0.0439453      0      0
1557455706.868518246      -0.0878906 -0.0439453      0      0
1557455706.887509368      -0.0878906 -0.0439453      0      0
1557455706.906593701      -0.0878906 -0.0439453      0      0
1557455706.926573329      -0.0878906 -0.0439453      0      0
1557455706.945604923      -0.0878906 -0.0439453      0      0
1557455706.964544129      -0.0878906 -0.0439453      0      0
1557455706.983494402      -0.0878906 -0.0439453      0      0
1557455707.002478362      -0.0878906 -0.0439453      0      0
1557455707.021551980      -0.0878906 -0.0439453      0      0
1557455707.040610665      -0.0878906 -0.0439453      0      0
1557455707.059621338      -0.0878906 -0.0439453      0      0
1557455707.078554744      -0.0878906 -0.0439453      0      0
1557455707.098505299      -0.0878906 -0.0439453      0      0
1557455707.117556967      -0.0878906 -0.0439453      0      0
1557455707.137565849      -0.0878906 -0.0439453      0      0
1557455707.156613376      -0.0878906 -0.0439453      0      0
1557455707.176629751      -0.0878906 -0.0439453      0      0
1557455707.196570591      -0.0878906 -0.0439453      0      0
1557455707.215499551      -0.0878906 -0.0439453      0      0
1557455707.234559255      -0.0878906 -0.0439453      0      0
1557455707.254573856      -0.0878906 -0.0439453      0      0
1557455707.273575384      -0.0878906 -0.0439453      0      0
1557455707.293619350      -0.0878906 -0.0439453      0      0
1557455707.312602262      -0.0878906 -0.0439453      0      0
1557455707.331569225      -0.0878906 -0.0439453      0      0
1557455707.350570492      -0.0878906 -0.0439453      0      0
1557455707.369623681      -0.0878906 -0.0439453      0      0
1557455707.388535270      -0.0878906 -0.0439453      0      0
1557455707.408563982      -0.0878906 -0.0439453      0      0
1557455707.427524386      -0.0878906 -0.0439453      0      0
1557455707.446439821      -0.0878906 -0.0439453      0      0
1557455707.465428993      -0.0878906 -0.0439453      0      0
1557455707.484450562      -0.0878906 -0.0439453      0      0
1557455707.503439356      -0.0878906 -0.0439453      0      0
1557455707.523454205      -0.0878906 -0.0439453      0      0
1557455707.542404424      -0.0878906 -0.0439453      0      0
1557455707.561429079      -0.0878906 -0.0439453      0      0
1557455707.581448570      -0.0878906 -0.0439453      0      0
