1557479442.992214338           0 -17.71      0      0
1557479443.013326633           0 -16.1719      0      0
1557479443.033293867           0 -14.8535      0      0
1557479443.054262550      0.0439453 -13.623      0      0
1557479443.074211206      -0.0439453 -12.3486      0      0
1557479443.094256676           0 -11.0742      0      0
1557479443.113834168           0 -9.84375      0      0
1557479443.133863689           0 -8.61328      0      0
1557479443.153868750      0.0439453 -7.42676      0      0
1557479443.173868682      -0.0439453 -6.15234      0      0
1557479443.193957129           0 -4.83398      0      0
1557479443.213827794           0 -3.64746      0      0
1557479443.233849102           0 -2.59277      0      0
1557479443.253869879      0.0439453 -1.58203      0      0
1557479443.273899690      -0.0439453 -0.615234      0    -20
1557479443.293893707      0.0439453 -0.571289      0    -20
1557479443.313871535           0 -1.18652      0    -20
1557479443.333859581      -0.0439453 -1.88965      0    -20
1557479443.353826693           0 -2.76855      0    -20
1557479443.373877825           0 -3.73535      0    -20
1557479443.393896691           0 -4.83398      0    -20
1557479443.413901420           0 -5.97656      0    -20
1557479443.434067544      -0.0439453 -7.16309      0    -20
1557479443.453831265           0 -8.21777      0    -20
1557479443.473883846      -0.0439453 -9.31641      0    -20
1557479443.493898943           0 -10.5029      0    -20
1557479443.513977645           0 -11.6455      0    -20
1557479443.533911506      -0.0439453 -12.7881      0    -20
1557479443.553824455           0 -13.9307      0    -20
1557479443.573832461      -0.0439453 -14.9414      0    -20
1557479443.593863455      0.0439453 -15.9521      0    -20
1557479443.613819448           0 -16.8311      0    -20
1557479443.633883673           0 -17.666      0    -20
1557479443.653901271           0 -18.3691      0    -20
1557479443.673838752      -0.0439453 -18.9844      0    -20
1557479443.694166539      0.0439453 -19.5996      0    -20
1557479443.714027047           0 -20.083      0    -20
1557479443.733867459           0 -20.5664      0    -20
1557479443.753906019           0 -20.9619      0    -20
1557479443.773831477      -0.0439453 -21.2695      0    -20
1557479443.793943811      0.0439453 -21.5332      0    -20
1557479443.813858897      -0.0439453 -21.665      0    -20
1557479443.833875659           0 -21.7529      0    -20
1557479443.853912670           0 -21.7969      0    -20
1557479443.873956006      -0.0439453 -21.7969      0    -20
1557479443.893846281      0.0439453 -21.7969      0    -20
1557479443.913824842      -0.0439453 -21.7529      0    -20
1557479443.933864447           0 -21.7529      0    -20
1557479443.953880366           0 -21.665      0    -20
1557479443.973930146           0 -21.5771      0    -20
1557479443.994100615      0.0439453 -21.5332      0    -20
1557479444.013822088      -0.0439453 -21.4453      0    -20
1557479444.033882911      0.0439453 -21.3135      0    -20
1557479444.053864670           0 -21.1816      0    -20
1557479444.075863731           0 -21.0498      0    -20
1557479444.095909329           0 -20.874      0    -20
1557479444.116833378           0 -20.7422      0    -20
1557479444.137833565           0 -20.5664      0    -20
1557479444.157925673      -0.0439453 -20.3906      0    -20
1557479444.179869878      0.0439453 -20.2148      0    -20
1557479444.200860174      -0.0439453 -20.0391      0    -20
1557479444.222008290           0 -19.8633      0    -20
1557479444.242825380           0 -19.6875      0    -20
1557479444.263837596      -0.0439453 -19.5117      0    -20
1557479444.284837096      0.0439453 -19.3799      0    -20
1557479444.306079194      -0.0439453 -19.2041      0    -20
1557479444.327032807      0.0439453 -19.0723      0    -20
1557479444.349825912      -0.0439453 -18.9404      0    -20
1557479444.370827077           0 -18.8525      0    -20
1557479444.391869221           0 -18.7207      0    -20
1557479444.412908904      -0.0439453 -18.6328      0    -20
1557479444.433912125      0.0439453 -18.5889      0    -20
1557479444.454840819      -0.0439453 -18.501      0    -20
1557479444.475841147      0.0439453 -18.457      0    -20
1557479444.495874000           0 -18.4131      0    -20
1557479444.517076919           0 -18.4131      0    -20
1557479444.536886982           0 -18.3691      0    -20
1557479444.556999599      -0.0439453 -18.3691      0    -20
1557479444.579002892      0.0439453 -18.3691      0    -20
1557479444.599059568      -0.0439453 -18.3691      0    -20
1557479444.619288128           0 -18.3691      0    -20
1557479444.639087712           0 -18.3691      0    -20
1557479444.660148325      -0.0439453 -18.3691      0    -20
1557479444.680328557      0.0439453 -18.3691      0    -20
1557479444.701004780      -0.0439453 -18.3691      0    -20
1557479444.721036556           0 -18.3691      0    -20
1557479444.741079068           0 -18.3691      0    -20
1557479444.761067294      -0.0439453 -18.3691      0    -20
1557479444.781080807      0.0439453 -18.3691      0    -20
1557479444.801014109      -0.0439453 -18.3691      0    -20
1557479444.821050559           0 -18.3691      0    -20
1557479444.841070899           0 -18.3691      0    -20
1557479444.861061780      -0.0439453 -18.3691      0    -20
1557479444.881108001           0 -18.3691      0    -20
1557479444.901016570           0 -18.3691      0    -20
1557479444.921013864           0 -18.3691      0    -20
1557479444.941044716      0.0439453 -18.3691      0    -20
1557479444.961046767      -0.0439453 -18.3691      0    -20
1557479444.981358207      0.0439453 -18.3691      0    -20
1557479445.001036583           0 -18.3691      0    -20
1557479445.021000799           0 -18.3691      0    -20
1557479445.041191526      0.0439453 -18.3691      0    -20
1557479445.061015683      -0.0439453 -18.3691      0    -20
1557479445.081062864           0 -18.3691      0    -20
1557479445.101078176           0 -18.3691      0    -20
1557479445.121014835           0 -18.3691      0    -20
1557479445.141128231      0.0439453 -18.3691      0    -20
1557479445.161046832      -0.0439453 -18.3691      0    -20
1557479445.181086171           0 -18.3691      0    -20
1557479445.201103188           0 -18.3691      0    -20
1557479445.221095669      -0.0439453 -18.3691      0    -20
1557479445.241155994      0.0439453 -18.3691      0    -20
1557479445.261013939      -0.0439453 -18.3691      0    -20
1557479445.281073560           0 -18.3691      0    -20
1557479445.301059421           0 -18.3691      0    -20
1557479445.321045851      -0.0439453 -18.3691      0    -20
1557479445.341010518      0.0439453 -18.3691      0    -20
1557479445.361014563      -0.0439453 -18.3691      0    -20
1557479445.381038213           0 -18.3691      0    -20
1557479445.401517132           0 -18.3691      0    -20
1557479445.421023721           0 -18.4131      0    -20
1557479445.441069721      0.0439453 -18.3691      0    -20
1557479445.461012893      -0.0439453 -18.3691      0    -20
1557479445.480985838           0 -18.3691      0    -20
1557479445.501087725           0 -18.3691      0    -20
1557479445.520972645      -0.0439453 -18.4131      0    -20
1557479445.540979611      0.0439453 -18.3691      0    -20
1557479450.036657214      0.0439453 -18.501      0      0
1557479450.056715987           0 -17.0947      0      0
1557479450.076748865      -0.0439453 -15.9521      0      0
1557479450.096758968      0.0439453 -14.5898      0      0
1557479450.116749937      -0.0439453 -13.4033      0      0
1557479450.136766940           0 -12.1729      0      0
1557479450.156717118           0 -10.8984      0      0
1557479450.176672323      -0.0439453 -9.66797      0      0
1557479450.196816229           0 -8.4375      0      0
1557479450.216732839      -0.0439453 -7.25098      0      0
1557479450.236722988           0 -5.93262      0      0
1557479450.256895897           0 -4.70215      0      0
1557479450.276680477      -0.0439453 -3.51562      0     20
1557479450.296692655      0.0439453 -2.46094      0     20
1557479450.316739960           0 -1.4502      0     20
1557479450.336732532           0 -0.483398      0     20
1557479450.356785229      0.0439453 0.703125      0     20
1557479450.376685065      -0.0439453 1.97754      0     20
1557479450.396677959           0 3.20801      0     20
1557479450.416713389           0 4.43848      0     20
1557479450.436715207           0 5.66895      0     20
1557479450.456729083      0.0439453 6.81152      0     20
1557479450.476667781           0 7.99805      0     20
1557479450.496668819           0 9.27246      0     20
1557479450.516689292      0.0439453 10.6348      0     20
1557479450.536736582      -0.0439453 11.9971      0     20
1557479450.557006762           0 13.2275      0     20
1557479450.576746869           0 14.502      0     20
1557479450.596677061      -0.0439453 15.7764      0     20
1557479450.616676401      0.0439453 16.9629      0     20
1557479450.636690499      -0.0439453 18.0176      0     20
1557479450.656876780           0 18.9844      0     20
1557479450.677785229      0.0439453 19.8633      0     20
1557479450.697661732      -0.0439453 20.7422      0     20
1557479450.717670639           0 21.4453      0     20
1557479450.737691737           0 22.0166      0     20
1557479450.757695631           0 22.5439      0     20
1557479450.779784854      0.0439453 22.9395      0     20
1557479450.800823015      -0.0439453 23.2471      0     20
1557479450.821743802           0 23.4668      0     20
1557479450.842673952           0 23.5107      0     20
1557479450.863724097      -0.0439453 23.5547      0     20
1557479450.883763356           0 23.5547      0     20
1557479450.904780538           0 23.5107      0     20
1557479450.925676534           0 23.4668      0     20
1557479450.947671881      -0.0439453 23.3789      0     20
1557479450.968715651           0 23.2471      0     20
1557479450.990712483           0 23.1152      0     20
1557479451.012780319      -0.0439453 22.9834      0     20
1557479451.033675226      0.0439453 22.8076      0     20
1557479451.054686112           0 22.6318      0     20
1557479451.076715728           0 22.4121      0     20
1557479451.097722360           0 22.1924      0     20
1557479451.117807876      -0.0439453 21.9727      0     20
1557479451.139676493      0.0439453 21.7969      0     20
1557479451.159684647      -0.0439453 21.6211      0     20
1557479451.180666841           0 21.4453      0     20
1557479451.200956906      0.0439453 21.3135      0     20
1557479451.220714990      -0.0439453 21.1377      0     20
1557479451.240745443      0.0439453 21.0059      0     20
1557479451.260676423           0 20.918      0     20
1557479451.281044937      -0.0439453 20.7861      0     20
1557479451.302685534      0.0439453 20.6982      0     20
1557479451.323753400      -0.0439453 20.5664      0     20
1557479451.344778171      0.0439453 20.4785      0     20
1557479451.364672849           0 20.4346      0     20
1557479451.385052477      -0.0439453 20.3467      0     20
1557479451.404730745      0.0439453 20.3027      0     20
1557479451.424786007      -0.0439453 20.2588      0     20
1557479451.444793234           0 20.2148      0     20
1557479451.464764770           0 20.1709      0     20
1557479451.484695538      -0.0439453 20.127      0     20
1557479451.504679969           0 20.083      0     20
1557479451.524721012      -0.0439453 20.083      0     20
1557479451.544775573           0 20.083      0     20
1557479451.564714495           0 20.083      0     20
1557479451.584687723      -0.0439453 20.083      0     20
1557479451.604678506           0 20.0391      0     20
1557479451.624703372           0 20.083      0     20
1557479451.644724807      -0.0439453 20.0391      0     20
1557479451.664764549      0.0439453 20.0391      0     20
1557479451.684728022      -0.0439453 20.0391      0     20
1557479451.704678840           0 20.0391      0     20
1557479451.724674050           0 20.0391      0     20
1557479451.744690065      -0.0439453 20.083      0     20
1557479451.764808747      0.0439453 20.0391      0     20
1557479451.784730813           0 20.083      0     20
1557479451.804678894      -0.0439453 20.0391      0     20
1557479451.824671184      0.0439453 20.0391      0     20
1557479451.844691080      -0.0439453 20.0391      0     20
1557479451.864745466           0 20.0391      0     20
1557479451.884738829           0 20.0391      0     20
1557479451.904753211           0 20.0391      0     20
1557479451.924974600      0.0439453 20.0391      0     20
1557479451.944999539      -0.0439453 20.0391      0     20
1557479451.965086109           0 20.0391      0     20
1557479451.984048009      0.0439453 20.0391      0     20
1557479452.005101178      -0.0439453 20.0391      0     20
1557479452.024977092           0 20.0391      0     20
1557479452.044038167           0 20.0391      0     20
1557479452.065074959           0 20.0391      0     20
1557479452.085086647           0 20.0391      0     20
1557479452.105045859      -0.0439453 20.0391      0     20
1557479452.125129398           0 20.0391      0     20
1557479452.143986304           0 20.0391      0     20
1557479452.163949977      -0.0439453 20.0391      0     20
1557479452.184071754      0.0439453 20.0391      0     20
1557479452.204004489      -0.0439453 20.0391      0     20
1557479452.225325678           0 20.0391      0     20
1557479452.244975941      0.0439453 20.0391      0     20
1557479452.265978720      -0.0439453 20.0391      0     20
1557479452.287021490           0 20.0391      0     20
1557479452.306354734           0 20.0391      0     20
1557479452.326010131           0 20.0391      0     20
1557479452.346953135      0.0439453 20.0391      0     20
1557479452.366891890      -0.0439453 20.0391      0     20
1557479453.787735447           0 19.9512      0      0
1557479453.807688158      -0.0439453 18.7207      0      0
1557479453.827734053      0.0439453 17.4463      0      0
1557479453.847682716           0  16.04      0      0
1557479453.867849577      -0.0439453 14.7217      0      0
1557479453.887699872      0.0439453 13.3594      0      0
1557479453.907623038      -0.0439453 12.1289      0      0
1557479453.927620320           0 10.8545      0      0
1557479453.947646211           0 9.49219      0      0
1557479453.967686689      -0.0439453 8.21777      0      0
1557479453.987701914      0.0439453 6.9873      0      0
1557479454.007936544           0 5.66895      0      0
1557479454.027789482           0 4.39453      0      0
1557479454.047818301      0.0439453 3.25195      0      0
1557479454.067830604      -0.0439453 2.24121      0      0
1557479454.087863305           0 1.3623      0     20
1557479454.107820235           0 1.58203      0     20
1557479454.127799125      -0.0439453 2.50488      0     20
1557479454.147814121      0.0439453 3.55957      0     20
1557479454.167823399           0 4.70215      0     20
1557479454.187869668           0 5.88867      0     20
1557479454.207835319           0 7.0752      0     20
1557479454.227817257      -0.0439453 8.30566      0     20
1557479454.247810741           0 9.62402      0     20
1557479454.268034133           0 11.0303      0     20
1557479454.287850468      -0.0439453 12.3926      0     20
1557479454.307825825      0.0439453 13.5791      0     20
1557479454.327857404      -0.0439453 14.7656      0     20
1557479454.347812202           0 15.9082      0     20
1557479454.368045492           0 16.9189      0     20
1557479454.387871269      -0.0439453 17.7979      0     20
1557479454.407851750      0.0439453 18.5889      0     20
1557479454.427839107      -0.0439453 19.3359      0     20
1557479454.447801268           0 20.0391      0     20
1557479454.468025556           0 20.6982      0     20
1557479454.487844318      -0.0439453 21.2256      0     20
1557479454.508860043      0.0439453 21.7529      0     20
1557479454.528864943           0 22.1484      0     20
1557479454.548906949           0 22.4561      0     20
1557479454.568808034      0.0439453 22.6758      0     20
1557479454.588821259      -0.0439453 22.8076      0     20
1557479454.608852749           0 22.8955      0     20
1557479454.628881448           0 22.8955      0     20
1557479454.648926626      -0.0439453 22.8955      0     20
1557479454.669005485           0 22.8516      0     20
1557479454.688814129           0 22.8516      0     20
1557479454.708853088           0 22.7637      0     20
1557479454.728866791           0 22.6758      0     20
1557479454.749867628           0 22.6318      0     20
1557479454.769855543      0.0439453   22.5      0     20
1557479454.790816028      -0.0439453 22.3682      0     20
1557479454.811828510           0 22.2363      0     20
1557479454.832107233           0 22.1045      0     20
1557479454.853898985      -0.0439453 21.9287      0     20
1557479454.874861284      0.0439453 21.7529      0     20
1557479454.896101640      -0.0439453 21.6211      0     20
1557479454.916822165           0 21.4453      0     20
1557479454.937861469           0 21.2695      0     20
1557479454.958934212      -0.0439453 21.1377      0     20
1557479454.978878977      0.0439453 21.0059      0     20
1557479455.000886533      -0.0439453 20.874      0     20
1557479455.023844738           0 20.7422      0     20
1557479455.044843812           0 20.6543      0     20
1557479455.066856515      -0.0439453 20.5664      0     20
1557479455.087901965      0.0439453 20.4346      0     20
1557479455.110500320      -0.0439453 20.3906      0     20
1557479455.130811858           0 20.3027      0     20
1557479455.152844138           0 20.2588      0     20
1557479455.174868538           0 20.1709      0     20
1557479455.194888520      0.0439453 20.127      0     20
1557479455.215865181      -0.0439453 20.083      0     20
1557479455.237829904      0.0439453 20.0391      0     20
1557479455.257980602           0 19.9951      0     20
1557479455.278867656      -0.0439453 19.9951      0     20
1557479455.298874343      0.0439453 19.9951      0     20
1557479455.318855292      -0.0439453 19.9512      0     20
1557479455.338813257           0 19.9512      0     20
1557479455.358814103           0 19.9512      0     20
1557479455.378882574      -0.0439453 19.9512      0     20
1557479455.399851608      0.0439453 19.9512      0     20
1557479455.420891239      -0.0439453 19.9512      0     20
1557479455.440818934           0 19.9512      0     20
1557479455.460825054           0 19.9512      0     20
1557479455.480852224      -0.0439453 19.9512      0     20
1557479455.500874568      0.0439453 19.9512      0     20
1557479455.521003877           0 19.9512      0     20
1557479455.540811050      -0.0439453 19.9512      0     20
1557479455.560817399      0.0439453 19.9512      0     20
1557479455.580849405      -0.0439453 19.9512      0     20
1557479455.600867219      0.0439453 19.9512      0     20
1557479455.620894821           0 19.9512      0     20
1557479455.640962879      -0.0439453 19.9512      0     20
1557479455.660812481      0.0439453 19.9512      0     20
1557479455.680807667      -0.0439453 19.9512      0     20
1557479455.700854795           0 19.9512      0     20
1557479455.721215879           0 19.9512      0     20
1557479455.740995894      -0.0439453 19.9512      0     20
1557479455.760816532      0.0439453 19.9512      0     20
1557479455.780816764           0 19.9512      0     20
1557479455.800863154      -0.0439453 19.9512      0     20
1557479455.821081138      0.0439453 19.9512      0     20
1557479455.840904103      -0.0439453 19.9512      0     20
1557479455.860997878           0 19.9512      0     20
1557479455.881081297      0.0439453 19.9512      0     20
1557479455.901255750      -0.0439453 19.9512      0     20
1557479455.920851517      0.0439453 19.9512      0     20
1557479455.940881329      -0.0439453 19.9512      0     20
1557479455.960910327           0 19.9512      0     20
1557479455.980861657      0.0439453 19.9512      0     20
1557479456.000847824      -0.0439453 19.9512      0     20
1557479456.020858606           0 19.9512      0     20
1557479456.040860233           0 19.9512      0     20
1557479456.060922011      -0.0439453 19.9512      0     20
1557479456.080973795      0.0439453 19.9512      0     20
1557479456.100820201      -0.0439453 19.9512      0     20
1557479456.120825741           0 19.9512      0     20
1557479456.140911558           0 19.9512      0     20
1557479456.160904810      -0.0439453 19.9072      0     20
1557479456.181084285           0 19.9072      0     20
1557479456.200820192           0 19.9512      0     20
1557479456.220812923           0 19.9512      0     20
1557479456.240869576           0 19.9072      0     20
1557479456.260868750      -0.0439453 19.9512      0     20
1557479456.281064094           0 19.9512      0     20
1557479456.301079493           0 19.9512      0     20
1557479456.321810538      -0.0439453 19.9072      0     20
1557479456.342876762      0.0439453 19.9072      0     20
1557479456.363818685      -0.0439453 19.9072      0     20
1557479456.383823488           0 19.9512      0     20
1557479456.403856047           0 19.9072      0     20
1557479456.424814249      -0.0439453 19.9072      0     20
1557479456.444980126      0.0439453 19.9512      0     20
1557479456.465873581      -0.0439453 19.9072      0     20
1557479456.486882016           0 19.9512      0     20
1557479456.506904935           0 19.9072      0     20
1557479456.526878660      -0.0439453 19.9072      0     20
1557479456.547829871      0.0439453 19.9072      0     20
1557479456.570820432      -0.0439453 19.9072      0     20
1557479456.592863740           0 19.9512      0     20
1557479456.615108546      0.0439453 19.9072      0     20
1557479456.635978371      -0.0439453 19.9512      0     20
1557479456.657825227      0.0439453 19.9512      0     20
1557479456.679174502      -0.0439453 19.9072      0     20
1557479456.699866751      -0.0439453 19.9072      0     20
1557479456.719850191      0.0439453 19.9072      0     20
1557479456.741045005      -0.0439453 19.9072      0     20
1557479456.762067059      0.0439453 19.9072      0     20
1557479456.782050186           0 19.8633      0     20
1557479456.802081375           0 19.9072      0     20
1557479456.822077804           0 19.9072      0     20
1557479456.842080921      -0.0439453 19.9072      0     20
1557479456.862066516           0 19.9072      0     20
