1557456234.420427020      -0.0878906 -48.5156      0      0
1557456234.440027807      -0.0439453 -46.7139      0      0
1557456234.460032425           0 -45.0879      0      0
1557456234.479999429      -0.0439453 -43.5498      0      0
1557456234.499967910      -0.0439453 -42.0996      0      0
1557456234.520211453           0 -40.6055      0      0
1557456234.539962122      -0.0439453 -39.0234      0      0
1557456234.559985584           0 -37.4854      0      0
1557456234.579988816           0 -36.0352      0      0
1557456234.599990322      -0.0439453 -34.541      0      0
1557456234.619956946           0 -33.0469      0      0
1557456234.640085429           0 -31.6846      0      0
1557456234.659978176      -0.0439453 -30.2783      0      0
1557456234.680027383           0 -28.7842      0      0
1557456234.701031499           0 -27.29    -60    -20
1557456234.722985137      -1.05469 -25.1367    -60    -20
1557456234.743972618      -3.99902 -20.8301    -60    -20
1557456234.765049316      -7.11914 -19.3359    -60    -20
1557456234.786034672      -10.459 -20.127    -60    -20
1557456234.806053243      -13.623 -19.7754    -60    -20
1557456234.825985916      -17.2266 -19.9512    -60    -20
1557456234.846123382      -20.9619 -19.9512    -60    -20
1557456234.865609001      -24.2139 -19.9512    -60    -20
1557456234.887639718      -27.7734 -19.9512    -60    -20
1557456234.907693039      -31.2012 -19.9512    -60    -20
1557456234.927585962      -34.4971 -19.9512    -60    -20
1557456234.947698960      -37.8809 -19.9512    -60    -20
1557456234.967750737      -41.4844 -19.9512    -60    -20
1557456234.987617083      -44.4287 -19.9512    -60    -20
1557456235.007668289      -47.5488 -19.9512    -60    -20
1557456235.027684070      -50.6689 -19.9512    -60    -20
1557456235.047745822      -53.833 -19.9512    -60    -20
1557456235.067671147      -57.1729 -19.9512    -60    -20
1557456235.087631827      -59.9414 -19.9512    -60    -20
1557456235.107689449      -60.2051 -19.9951    -60    -20
1557456235.127650975      -60.0293 -19.9512    -60    -20
1557456235.147766609      -59.7656 -19.9951    -60    -20
1557456235.167694020      -59.8096 -19.9512    -60    -20
1557456235.187714069      -59.9414 -19.9512    -60    -20
1557456235.207650457      -59.8975 -19.9951    -60    -20
1557456235.227673586      -59.8975 -19.9951    -60    -20
1557456235.246669238      -59.8975 -19.9951    -60    -20
1557456235.266647028      -59.8975 -19.9951    -60    -20
1557456235.285847293      -59.8975 -19.9512    -60    -20
1557456235.304607202      -59.8975 -19.9951    -60    -20
1557456235.324683925      -59.8975 -19.9512    -60    -20
1557456235.344643373      -59.8975 -19.9951    -60    -20
1557456235.363649188      -59.8975 -19.9951    -60    -20
1557456235.382866360      -59.8975 -19.9951    -60    -20
1557456235.401648058      -59.8975 -19.9951    -60    -20
1557456235.421578912      -59.8975 -19.9512    -60    -20
1557456235.441616890      -59.8975 -19.9951    -60    -20
1557456235.460646220      -59.8975 -19.9512    -60    -20
1557456235.480685508      -59.8975 -19.9951    -60    -20
1557456235.499642630      -59.8975 -19.9512    -60    -20
1557456235.519999047      -59.8975 -19.9951    -60    -20
1557456235.538619948      -59.8975 -19.9512    -60    -20
1557456235.558624652      -59.8975 -19.9512    -60    -20
1557456235.578692882      -59.8975 -19.9951    -60    -20
1557456235.597675296      -59.8975 -19.9512    -60    -20
1557456235.617637136      -59.8975 -19.9951    -60    -20
1557456235.637966662      -59.8975 -19.9951    -60    -20
1557456235.657627430      -59.8975 -19.9951    -60    -20
1557456235.677643055      -59.8975 -19.9512    -60    -20
1557456235.697718807      -59.8975 -19.9512    -60    -20
1557456235.717638220      -59.8975 -20.0391    -60    -20
1557456235.737695507      -59.8975 -19.9951    -60    -20
1557456235.756574260      -59.8975 -19.9951    -60    -20
1557456235.776634530      -59.8975 -19.9951    -60    -20
1557456235.796673439      -59.8975 -19.9951    -60    -20
1557456235.816673537      -59.8975 -19.9512    -60    -20
1557456235.835807215      -59.8975 -19.9951    -60    -20
1557456235.854881668      -59.8975 -19.9951    -60    -20
1557456235.874597952      -59.8975 -19.9951    -60    -20
1557456235.893655959      -59.8975 -19.9951    -60    -20
1557456235.912685702      -59.8975 -19.9951    -60    -20
1557456235.932661624      -59.8975 -19.9512    -60    -20
1557456235.951680769      -59.8975 -19.9951    -60    -20
1557456235.972679073      -59.8975 -19.9512    -60    -20
1557456235.991583266      -59.8975 -19.9951    -60    -20
1557456236.011709175      -59.8975 -19.9951    -60    -20
1557456236.031701446      -59.8975 -19.9951    -60    -20
1557456236.051714234      -59.8975 -19.9951    -60    -20
1557456236.071684299      -59.8975 -19.9951    -60    -20
1557456236.091692073      -59.8975 -19.9951    -60    -20
1557456236.111646337      -59.8975 -19.9512    -60    -20
1557456236.131626833      -59.8975 -19.9951    -60    -20
1557456236.151690080      -59.8975 -19.9951    -60    -20
1557456236.170716894      -59.8975 -19.9951    -60    -20
1557456236.191715945      -59.8975 -19.9951    -60    -20
1557456236.211639459      -59.8975 -19.9951    -60    -20
1557456236.233715829      -59.8975 -19.9951    -60    -20
1557456236.254645090      -59.8975 -19.9512    -60    -20
1557456236.274668956      -59.8975 -19.9951    -60    -20
1557456236.295677334      -59.8975 -19.9512    -60    -20
1557456236.315737592      -59.8975 -19.9951    -60    -20
1557456236.335621792      -59.8975 -19.9951    -60    -20
1557456236.354628623      -59.8975 -19.9951    -60    -20
1557456236.374662344      -59.8975 -19.9512    -60    -20
1557456236.393619377      -59.8975 -19.9512    -60    -20
1557456236.412669651      -59.8975 -19.9951    -60    -20
1557456236.431626607      -59.8975 -19.9951    -60    -20
1557456236.451931829      -59.8975 -19.9951    -60    -20
1557456236.471711098      -59.8975 -19.9951    -60    -20
1557456236.491731515      -59.8975 -19.9951    -60    -20
1557456236.510671829      -59.8975 -19.9951    -60    -20
1557456236.529589437      -59.8975 -19.9512    -60    -20
1557456236.549593832      -59.8975 -19.9512    -60    -20
1557456236.568540683      -59.8975 -19.9512    -60    -20
1557456236.589596932      -59.8975 -19.9512    -60    -20
1557456236.608528063      -59.8975 -19.9951    -60    -20
1557456236.627538858      -59.8975 -19.9951    -60    -20
1557456236.647555726      -59.8975 -19.9951    -60    -20
1557456236.666527597      -59.8975 -19.9951    -60    -20
1557456236.685560071      -59.8975 -19.9951    -60    -20
1557456236.704566977      -59.8975 -19.9512    -60    -20
