1557478879.916837398      0.0439453 -20.0129      0      0
1557478879.936782856      -0.0439453 -20.0471      0      0
1557478879.955863916      0.0439453 -19.0375      0      0
1557478879.976857927           0 -23.4433      0      0
1557478879.996947312      -0.0439453 -23.0655      0      0
1557478880.016758991      0.0439453 -23.4486      0      0
1557478880.035668787      -0.0439453 -22.9396      0      0
1557478880.055821125           0 -22.5066      0      0
1557478880.075710898           0 -21.8685      0      0
1557478880.096761073      -0.0439453 -21.0804      0      0
1557478880.115818884           0 -20.3119      0      0
1557478880.135920720      -0.0439453 -19.417      0      0
1557478880.155919687           0 -18.3143      0      0
1557478880.175929301           0 -17.3832      0    -20
1557478880.195927954      -0.0439453 -16.2905      0    -20
1557478880.215931017      0.0439453 -18.9099      0    -20
1557478880.235964468           0 -15.4471      0    -20
1557478880.255923351           0 -13.4567      0    -20
1557478880.275894402      0.0439453 -11.7692      0    -20
1557478880.295922215      -0.0439453 -10.3034      0    -20
1557478880.315999172           0 -8.83702      0    -20
1557478880.335996617           0 -7.93593      0    -20
1557478880.355918302      -0.0439453 -7.20431      0    -20
1557478880.375912616           0 -6.68115      0    -20
1557478880.395928502           0 -6.59382      0    -20
1557478880.416148766      -0.0439453 -6.5594      0    -20
1557478880.435967457      0.0439453 -6.74844      0    -20
1557478880.456224165      -0.0439453 -6.9062      0    -20
1557478880.475912656           0 -7.27734      0    -20
1557478880.495913319           0 -7.87371      0    -20
1557478880.515931105      -0.0439453 -8.34402      0    -20
1557478880.535965438      0.0439453 -8.96358      0    -20
1557478880.555968201           0 -9.76612      0    -20
1557478880.575925550           0 -10.4381      0    -20
1557478880.595916705      0.0439453 -11.3886      0    -20
1557478880.616154566           0 -12.2653      0    -20
1557478880.635996390      0.0439453 -13.0901      0    -20
1557478880.655987445           0 -14.0625      0    -20
1557478880.676032287           0 -14.9038      0    -20
1557478880.696610345      0.0439453 -15.6785      0    -20
1557478880.716124767      -0.0439453 -16.4178      0    -20
1557478880.735951294      0.0439453 -17.0471      0    -20
1557478880.756038151           0 -17.805      0    -20
1557478880.775989794           0 -18.3417      0    -20
1557478880.795906550      0.0439453 -18.9759      0    -20
1557478880.815924277      -0.0439453 -19.6487      0    -20
1557478880.835952237           0 -20.0376      0    -20
1557478880.855946482           0 -20.5877      0    -20
1557478880.876037688      -0.0439453 -20.8765      0    -20
1557478880.895963878      0.0439453 -21.1756      0    -20
1557478880.915916090           0 -21.5077      0    -20
1557478880.935906394      -0.0439453 -21.7019      0    -20
1557478880.955947093      0.0439453 -21.9161      0    -20
1557478880.975944047      -0.0439453 -21.995      0    -20
1557478880.996138391           0 -22.0293      0    -20
1557478881.015999478           0 -22.175      0    -20
1557478881.035927262      -0.0439453 -22.1878      0    -20
1557478881.055914554      0.0439453 -22.2895      0    -20
1557478881.076093339      -0.0439453 -22.3089      0    -20
1557478881.095956826           0 -22.2204      0    -20
1557478881.115993396           0  -22.3      0    -20
1557478881.136030291      -0.0439453 -22.2065      0    -20
1557478881.155915158      0.0439453 -22.1224      0    -20
1557478881.175943563      -0.0439453 -22.1693      0    -20
1557478881.195947583           0 -22.02      0    -20
1557478881.215979838      0.0439453 -22.0249      0    -20
1557478881.236055724      -0.0439453 -21.93      0    -20
1557478881.255907315      0.0439453 -21.8185      0    -20
1557478881.275910594           0 -21.8152      0    -20
1557478881.295950158      -0.0439453 -21.5991      0    -20
1557478881.315964424      0.0439453 -21.5399      0    -20
1557478881.336030681           0 -21.4331      0    -20
1557478881.355915261           0 -21.2553      0    -20
1557478881.375924768           0 -21.2075      0    -20
1557478881.395951608      -0.0439453 -21.0217      0    -20
1557478881.415979461      0.0439453 -20.9152      0    -20
1557478881.435994000      -0.0439453 -20.8569      0    -20
1557478881.455954345           0 -20.6434      0    -20
1557478881.475909841           0 -20.6551      0    -20
1557478881.495914056      -0.0439453 -20.5119      0    -20
1557478881.515946530      0.0439453 -20.4235      0    -20
1557478881.536172385      -0.0439453 -20.3854      0    -20
1557478881.556011371           0 -20.1812      0    -20
1557478881.575911456           0 -20.2593      0    -20
1557478881.595907959      -0.0439453 -20.0675      0    -20
1557478881.615953798      0.0439453 -20.046      0    -20
1557478881.635965253           0 -20.1125      0    -20
1557478881.655998013      -0.0439453 -19.978      0    -20
1557478881.675957030      0.0439453 -20.0201      0    -20
1557478881.695916805      -0.0439453 -20.0391      0    -20
1557478881.715915117           0 -19.91      0    -20
1557478881.735943542           0 -19.9999      0    -20
1557478881.755982352      -0.0439453 -19.9605      0    -20
1557478881.775964861      0.0439453 -19.9175      0    -20
1557478881.796226834           0 -20.0463      0    -20
1557478881.816067172           0 -19.8607      0    -20
1557478881.835941282      0.0439453 -19.9364      0    -20
1557478881.855984246      -0.0439453 -19.9308      0    -20
1557478881.876020331           0 -19.854      0    -20
1557478881.895967811           0 -19.9564      0    -20
1557478881.915995068           0 -19.8449      0    -20
1557478881.935913920      0.0439453 -19.9249      0    -20
1557478881.955961332      -0.0439453 -20.0017      0    -20
1557478881.975954572           0 -19.9103      0    -20
1557478881.995942555           0 -20.0163      0    -20
1557478882.015910138      -0.0439453 -19.9098      0    -20
1557478882.035917371      0.0439453 -19.9113      0    -20
1557478882.055950788      -0.0439453 -19.973      0    -20
1557478882.075948848           0 -19.8747      0    -20
1557478882.096220701           0 -20.0263      0    -20
1557478882.115984444      -0.0439453 -19.9375      0    -20
1557478882.135912087      0.0439453 -19.9173      0    -20
1557478882.155956531      -0.0439453 -19.9997      0    -20
1557478882.175955159           0 -19.8803      0    -20
1557478882.195927295           0 -19.9465      0    -20
1557478882.215957924      -0.0439453 -19.9363      0    -20
1557478882.235911657           0 -19.8483      0    -20
1557478882.256010861           0 -19.974      0    -20
1557478882.275948663           0 -19.8749      0    -20
1557478882.295962727      0.0439453 -19.9305      0    -20
1557478882.315982108      -0.0439453 -19.9675      0    -20
1557478882.336058943           0 -19.9419      0    -20
1557478882.355914673           0 -19.9949      0    -20
1557478882.375913689      -0.0439453 -19.8713      0    -20
1557478882.396967516           0 -19.9586      0    -20
1557478882.416964234           0 -19.9799      0    -20
1557478882.438012288      0.0439453 -19.9273      0    -20
1557478882.457909731           0 -20.031      0    -20
1557478882.478917645           0 -19.8954      0    -20
1557478882.500971447      0.0439453 -19.9706      0    -20
1557478882.521996510      -0.0439453 -19.9728      0    -20
1557478882.541953240           0 -19.9283      0    -20
1557478882.563900481      -0.0439453 -19.9868      0    -20
1557478882.582937296           0 -19.8914      0    -20
1557478882.603920488           0 -20.0074      0    -20
1557478882.625020652           0 -19.9461      0    -20
1557478882.645964970           0 -19.9912      0    -20
1557478882.666975394      -0.0439453 -20.0465      0    -20
1557478882.688907176           0 -19.9176      0    -20
1557478882.709916424           0 -19.9757      0    -20
1557478882.730963421           0 -19.7949      0    -20
1557478882.751974777           0 -19.9639      0    -20
1557478882.773057945      -0.0439453 -19.9548      0    -20
1557478882.793909652      0.0439453 -19.937      0    -20
1557478882.813916457      -0.0439453 -20.0265      0    -20
1557478882.834976952           0 -19.8697      0    -20
1557478882.856980333           0 -19.9757      0    -20
1557478882.877008521      -0.0439453 -19.9515      0    -20
1557478882.898918886           0 -19.9386      0    -20
1557478882.919921823      -0.0439453 -20.0382      0    -20
1557478882.939953759           0 -19.8967      0    -20
1557478882.959983942      0.0439453 -19.9792      0    -20
1557478882.981009533      -0.0439453 -19.9055      0    -20
1557478883.003294039      0.0439453 -19.921      0    -20
1557478883.023919570      -0.0439453 -20.0072      0    -20
1557478883.044963123           0 -19.9318      0    -20
1557478883.065031013           0 -19.9576      0    -20
1557478883.084985527      -0.0439453 -19.9191      0    -20
1557478883.105056732           0 -19.9018      0    -20
1557478883.123903401      -0.0439453 -19.9624      0    -20
1557478883.143919487           0 -19.8773      0    -20
1557478883.164965620      0.0439453 -20.0669      0    -20
1557478883.185271772      -0.0439453 -20.0867      0    -20
1557478883.205059896           0 -20.0371      0    -20
1557478883.225162352           0 -20.092      0    -20
1557478883.245225230           0 -19.861      0    -20
1557478883.265909543      0.0439453 -19.9805      0    -20
1557478883.286991486      -0.0439453 -19.9166      0    -20
1557478883.307968372      0.0439453 -19.9722      0    -20
1557478883.329994510      -0.0439453 -20.0603      0    -20
1557478883.349896243           0 -19.9044      0    -20
1557478883.370899194      0.0439453 -19.969      0    -20
1557478883.391941302           0 -19.8918      0    -20
1557478883.412968842      0.0439453 -19.9496      0    -20
1557478883.434022524           0 -20.0275      0    -20
1557478883.454954293           0 -19.9147      0    -20
1557478883.475989502           0 -20.0126      0    -20
1557478883.496938253           0 -19.9522      0    -20
1557478883.516944513      0.0439453 -19.9708      0    -20
1557478883.537989723      -0.0439453 -19.9669      0    -20
1557478883.556990650           0 -19.8577      0    -20
1557478883.577896792           0 -20.008      0    -20
1557478883.598919548           0 -19.919      0    -20
1557478883.619869567      0.0439453 -20.0215      0    -20
1557478883.639853610      -0.0439453 -20.0244      0    -20
1557478883.659882688      0.0439453 -19.953      0    -20
1557478883.679838522      -0.0439453 -20.0208      0    -20
1557478883.699836756           0 -19.8912      0    -20
1557478883.719871821           0 -20.0347      0    -20
1557478883.739848683      -0.0439453 -19.9615      0    -20
