1557456436.022667770      3.91113 -48.7793      0      0
1557456436.042649153      0.791016 -45.0439      0      0
1557456436.062722085      -2.90039 -40.8691      0      0
1557456436.081613526      -2.02148 -39.5508      0      0
1557456436.100613477      -0.219727 -38.8916      0      0
1557456436.119608600      0.0439453 -37.8809      0      0
1557456436.138577880      -0.175781 -36.4746      0      0
1557456436.158648991      0.0439453 -34.8926      0      0
1557456436.177575486      -0.0439453 -33.5742      0      0
1557456436.197608282      -0.175781 -32.2559      0      0
1557456436.218676144      0.0439453 -30.8057      0      0
1557456436.237605239           0 -29.3555      0      0
1557456436.257590337      -0.0439453 -27.8613      0      0
1557456436.277612846      0.0878906 -26.543      0      0
1557456436.296612823      -0.0878906 -25.0928    -95     20
1557456436.316617320      -0.0878906 -23.5986    -95     20
1557456436.336609480      -2.19727 -20.4346    -95     20
1557456436.356640872      -5.53711 -16.5234    -95     20
1557456436.376589107      -8.74512 -12.6562    -95     20
1557456436.396607008      -12.085 -9.00879    -95     20
1557456436.416606731      -15.6885 -5.49316    -95     20
1557456436.436633323      -19.3799 -1.75781    -95     20
1557456436.456582773      -23.1152 1.66992    -95     20
1557456436.476626652      -26.8066 5.1416    -95     20
1557456436.496611669      -30.2344 8.70117    -95     20
1557456436.515610545      -33.7939 12.2168    -95     20
1557456436.536622531      -37.5293 15.7764    -95     20
1557456436.556732789      -41.3965 19.3359    -95     20
1557456436.576628894      -44.5605 20.3027    -95     20
1557456436.595584391      -48.1201 19.8193    -95     20
1557456436.616647193      -51.5918 19.9072    -95     20
1557456436.635689044      -54.9756 19.9512    -95     20
1557456436.655686034      -58.5352 19.9512    -95     20
1557456436.675707085      -61.9629 19.9512    -95     20
1557456436.695651759      -65.2588 19.9512    -95     20
1557456436.716620222      -68.5986 19.9512    -95     20
1557456436.735634597      -72.0703 19.9512    -95     20
1557456436.756655253      -75.498 19.9512    -95     20
1557456436.776884097      -78.9258 19.9512    -95     20
1557456436.795776230      -82.2217 19.9512    -95     20
1557456436.816595440      -85.4736 19.9512    -95     20
1557456436.836685249      -88.7256 19.9512    -95     20
1557456436.856678292      -91.9336 19.9512    -95     20
1557456436.876711759      -94.8779 19.9512    -95     20
1557456436.895653553      -95.1855 19.9951    -95     20
1557456436.915875491      -94.8779 19.9951    -95     20
1557456436.936617576      -94.834 19.9951    -95     20
1557456436.955665462      -94.9658 19.9951    -95     20
1557456436.976605633      -94.9219 19.9951    -95     20
1557456436.996656614      -94.7021 19.9512    -95     20
1557456437.016911294      -94.9219 19.9512    -95     20
1557456437.035646836      -94.9658 19.9951    -95     20
1557456437.056618059      -94.9219 19.9951    -95     20
1557456437.076617193      -94.9219 19.9951    -95     20
1557456437.095647431      -94.9658 19.9951    -95     20
1557456437.115681460      -94.9658 19.9951    -95     20
1557456437.136662343      -94.9219 19.9951    -95     20
1557456437.155640584      -94.9658 19.9951    -95     20
1557456437.175586963      -94.9219 19.9951    -95     20
1557456437.196675186      -94.9658 19.9951    -95     20
1557456437.216869526      -94.9219 19.9951    -95     20
1557456437.235668688      -94.9658 19.9951    -95     20
1557456437.256674321      -94.9219 19.9951    -95     20
1557456437.276656131      -94.9219 19.9951    -95     20
1557456437.295615353      -94.9658 19.9951    -95     20
1557456437.316826719      -94.9219 19.9951    -95     20
1557456437.335705623      -94.9658 19.9951    -95     20
1557456437.356743190      -94.9658 19.9951    -95     20
1557456437.376654057      -94.9219 19.9951    -95     20
1557456437.396570392      -94.9219 19.9951    -95     20
1557456437.416684031      -94.9219 19.9951    -95     20
1557456437.436690693      -94.9219 19.9951    -95     20
1557456437.456728822      -94.9219 19.9951    -95     20
1557456437.476767432      -94.9658 19.9951    -95     20
1557456437.496610931      -94.9219 19.9951    -95     20
1557456437.516612589      -94.9658 19.9951    -95     20
1557456437.536653762      -94.9658 19.9951    -95     20
1557456437.556669292      -94.9219 19.9951    -95     20
1557456437.576659243      -94.9658 19.9951    -95     20
1557456437.596652569      -94.9658 19.9951    -95     20
1557456437.616786154      -94.9219 19.9951    -95     20
1557456437.636826497      -94.9658 19.9951    -95     20
1557456437.657875804      -94.9658 19.9951    -95     20
1557456437.677881941      -94.9219 19.9951    -95     20
1557456437.698863306      -94.9658 19.9512    -95     20
1557456437.718921812      -94.9658 19.9951    -95     20
1557456437.738832086      -94.9658 19.9951    -95     20
1557456437.760882781      -94.9658 19.9951    -95     20
1557456437.780857379      -94.9658 19.9951    -95     20
1557456437.802864204      -94.9658 19.9951    -95     20
1557456437.822812594      -94.9658 19.9951    -95     20
1557456437.843793471      -94.9658 19.9951    -95     20
1557456437.864881046      -94.9219 19.9951    -95     20
1557456437.883840648      -94.9658 19.9951    -95     20
1557456437.902944788      -94.9658 19.9951    -95     20
1557456437.921848988      -94.9658 19.9951    -95     20
1557456437.940884082      -94.9219 19.9951    -95     20
1557456437.959794998      -94.9658 19.9951    -95     20
1557456437.978817186      -94.9219 19.9951    -95     20
1557456437.998828561      -94.9658 19.9951    -95     20
1557456438.019856668      -94.9658 19.9951    -95     20
1557456438.038872316      -94.9219 19.9951    -95     20
1557456438.057871547      -94.9658 19.9951    -95     20
1557456438.076895580      -94.9658 19.9951    -95     20
1557456438.095798700      -94.9658 19.9951    -95     20
1557456438.115005928      -94.9219 19.9951    -95     20
1557456438.133887151      -94.9219 19.9951    -95     20
1557456438.152860647      -94.9658 19.9951    -95     20
1557456438.171799563      -94.9658 19.9951    -95     20
1557456438.191787829      -94.9658 19.9951    -95     20
1557456438.211996185      -94.9658 19.9951    -95     20
1557456438.231850703      -94.9658 19.9951    -95     20
1557456438.251820203      -94.9658 19.9951    -95     20
1557456438.270983123      -94.9219 19.9951    -95     20
1557456438.290839462      -94.9658 19.9951    -95     20
1557456438.309864314      -94.9658 19.9951    -95     20
1557456438.328789396      -94.9658 19.9951    -95     20
1557456438.347765701      -94.9219 19.9512    -95     20
1557456438.367725186      -94.9658 19.9951    -95     20
1557456438.386756092      -94.9658 19.9951    -95     20
1557456438.405809465      -94.9658 19.9951    -95     20
1557456438.424740244      -94.9658 19.9951    -95     20
